##YUNITS=%T
349.115696 7.215553 
351.044512 7.482223 
352.973328 7.707192 
354.902144 7.912748 
356.830960 8.104410 
358.759776 8.186017 
360.688592 8.193320 
362.617408 8.159204 
364.546224 8.049229 
366.475040 7.831752 
368.403856 7.461638 
370.332672 7.006760 
372.261488 7.286443 
374.190304 7.438930 
376.119120 7.470956 
378.047936 7.503513 
379.976752 7.553939 
381.905568 7.647631 
383.834384 7.782388 
385.763200 7.817065 
387.692016 7.793473 
389.620832 7.749001 
391.549648 7.673324 
393.478464 7.608372 
395.407280 7.553155 
397.336096 7.536670 
399.264912 7.540380 
401.193728 7.534661 
403.122544 7.557201 
405.051360 7.636211 
406.980176 7.703819 
408.908992 7.745987 
410.837808 7.786052 
412.766624 7.731838 
414.695440 7.612988 
416.624256 7.507673 
418.553072 7.424744 
420.481888 7.364279 
422.410704 7.324565 
424.339520 7.311134 
426.268336 7.319097 
428.197152 7.365361 
430.125968 7.446655 
432.054784 7.537724 
433.983600 7.557954 
435.912416 7.545700 
437.841232 7.550825 
439.770048 7.541401 
441.698864 7.512714 
443.627680 7.501945 
445.556496 7.490674 
447.485312 7.457480 
449.414128 7.422021 
451.342944 7.388552 
453.271760 7.371937 
455.200576 7.379229 
457.129392 7.378262 
459.058208 7.373732 
460.987024 7.353176 
462.915840 7.318476 
464.844656 7.291758 
466.773472 7.264457 
468.702288 7.234110 
470.631104 7.220677 
472.559920 7.191172 
474.488736 7.139533 
476.417552 7.102610 
478.346368 7.083821 
480.275184 7.076577 
482.204000 7.065900 
484.132816 7.049669 
486.061632 7.037357 
487.990448 7.019631 
489.919264 7.001222 
491.848080 6.993009 
493.776896 6.994217 
495.705712 6.993423 
497.634528 6.990683 
499.563344 6.985141 
501.492160 6.986190 
503.420976 7.005673 
505.349792 7.022116 
507.278608 7.015153 
509.207424 6.998241 
511.136240 6.994636 
513.065056 7.003584 
514.993872 7.011902 
516.922688 7.012469 
518.851504 7.009714 
520.780320 7.010946 
522.709136 7.009077 
524.637952 7.007749 
526.566768 7.011847 
528.495584 7.020823 
530.424400 7.026692 
532.353216 7.022488 
534.282032 7.007845 
536.210848 6.995158 
538.139664 6.986241 
540.068480 6.972340 
541.997296 6.947824 
543.926112 6.924589 
545.854928 6.908540 
547.783744 6.901324 
549.712560 6.899212 
551.641376 6.898488 
553.570192 6.900836 
555.499008 6.906231 
557.427824 6.911257 
559.356640 6.916390 
561.285456 6.919091 
563.214272 6.919355 
565.143088 6.911348 
567.071904 6.904746 
569.000720 6.897927 
570.929536 6.889068 
572.858352 6.886805 
574.787168 6.890692 
576.715984 6.899602 
578.644800 6.910821 
580.573616 6.916777 
582.502432 6.920235 
584.431248 6.921223 
586.360064 6.918876 
588.288880 6.913746 
590.217696 6.901317 
592.146512 6.879201 
594.075328 6.857569 
596.004144 6.833337 
597.932960 6.809915 
599.861776 6.790038 
601.790592 6.775043 
603.719408 6.767115 
605.648224 6.754580 
607.577040 6.735426 
609.505856 6.720042 
611.434672 6.708671 
613.363488 6.695901 
615.292304 6.679587 
617.221120 6.663970 
619.149936 6.650913 
621.078752 6.643187 
623.007568 6.640147 
624.936384 6.638716 
626.865200 6.639075 
628.794016 6.641159 
630.722832 6.644197 
632.651648 6.641409 
634.580464 6.639387 
636.509280 6.638397 
638.438096 6.635768 
640.366912 6.629396 
642.295728 6.620248 
644.224544 6.610252 
646.153360 6.599678 
648.082176 6.587937 
650.010992 6.573958 
651.939808 6.549774 
653.868624 6.548844 
655.797440 6.582168 
657.726256 6.559456 
659.655072 6.524012 
661.583888 6.490629 
663.512704 6.460449 
665.441520 6.430907 
667.370336 6.402710 
669.299152 6.375255 
671.227968 6.348460 
673.156784 6.323430 
675.085600 6.303278 
677.014416 6.289488 
678.943232 6.286047 
680.872048 6.313944 
682.800864 6.340703 
684.729680 6.309256 
686.658496 6.301994 
688.587312 6.305672 
690.516128 6.315305 
692.444944 6.326430 
694.373760 6.339368 
696.302576 6.351942 
698.231392 6.364254 
700.160208 6.377127 
702.089024 6.390492 
704.017840 6.400333 
705.946656 6.409916 
707.875472 6.416102 
709.804288 6.415306 
711.733104 6.410925 
713.661920 6.404399 
715.590736 6.395786 
717.519552 6.387141 
719.448368 6.377307 
721.377184 6.367291 
723.306000 6.358356 
725.234816 6.352332 
727.163632 6.348760 
729.092448 6.346280 
731.021264 6.343239 
732.950080 6.340479 
734.878896 6.334504 
736.807712 6.326109 
738.736528 6.318034 
740.665344 6.310986 
742.594160 6.304744 
744.522976 6.298364 
746.451792 6.291060 
748.380608 6.283661 
750.309424 6.276710 
752.238240 6.270681 
754.167056 6.264545 
756.095872 6.257965 
758.024688 6.250304 
759.953504 6.241905 
761.882320 6.233186 
763.811136 6.223950 
765.739952 6.212746 
767.668768 6.202842 
769.597584 6.194788 
771.526400 6.187424 
773.455216 6.180661 
775.384032 6.175431 
777.312848 6.171943 
779.241664 6.170335 
781.170480 6.169809 
783.099296 6.170261 
785.028112 6.170885 
786.956928 6.170231 
788.885744 6.167707 
790.814560 6.165553 
792.743376 6.162308 
794.672192 6.158519 
796.601008 6.154538 
798.529824 6.150383 
800.458640 6.145262 
802.387456 6.138654 
804.316272 6.131205 
806.245088 6.123269 
808.173904 6.113421 
810.102720 6.102138 
812.031536 6.089184 
813.960352 6.074625 
815.889168 6.059143 
817.817984 6.044108 
819.746800 6.027480 
821.675616 6.011557 
823.604432 5.996515 
825.533248 5.982937 
827.462064 5.969996 
829.390880 5.957443 
831.319696 5.947516 
833.248512 5.940806 
835.177328 5.936060 
837.106144 5.933770 
839.034960 5.932619 
840.963776 5.933735 
842.892592 5.937732 
844.821408 5.943526 
846.750224 5.949639 
848.679040 5.957944 
850.607856 5.966937 
852.536672 5.976648 
854.465488 5.986330 
856.394304 5.996718 
858.323120 6.008462 
860.251936 6.020571 
862.180752 6.031076 
864.109568 6.039971 
866.038384 6.047375 
867.967200 6.054897 
869.896016 6.061142 
871.824832 6.064985 
873.753648 6.067278 
875.682464 6.068541 
877.611280 6.067155 
879.540096 6.064513 
881.468912 6.061178 
883.397728 6.057763 
885.326544 6.053444 
887.255360 6.047623 
889.184176 6.040029 
891.112992 6.032085 
893.041808 6.024069 
894.970624 6.016934 
896.899440 6.010679 
898.828256 6.006617 
900.757072 6.005929 
902.685888 6.007334 
904.614704 6.010999 
906.543520 6.019411 
908.472336 6.031625 
910.401152 6.046430 
912.329968 6.063486 
914.258784 6.081422 
916.187600 6.098970 
918.116416 6.116625 
920.045232 6.133089 
921.974048 6.148221 
923.902864 6.162079 
925.831680 6.174303 
927.760496 6.183845 
929.689312 6.189815 
931.618128 6.191364 
933.546944 6.189343 
935.475760 6.183540 
937.404576 6.173502 
939.333392 6.158230 
941.262208 6.137945 
943.191024 6.113572 
945.119840 6.086318 
947.048656 6.055108 
948.977472 6.020630 
950.906288 5.984668 
952.835104 5.947451 
954.763920 5.907950 
956.692736 5.867058 
958.621552 5.825334 
960.550368 5.784683 
962.479184 5.745105 
964.408000 5.706172 
966.336816 5.667633 
968.265632 5.631916 
970.194448 5.599069 
972.123264 5.568966 
974.052080 5.541609 
975.980896 5.517710 
977.909712 5.497849 
979.838528 5.481881 
981.767344 5.469641 
983.696160 5.461619 
985.624976 5.456832 
987.553792 5.454976 
989.482608 5.455217 
991.411424 5.456914 
993.340240 5.458409 
995.269056 5.459724 
997.197872 5.460325 
999.126688 5.460416 
1001.055504 5.458972 
1002.984320 5.455913 
1004.913136 5.450950 
1006.841952 5.444328 
1008.770768 5.436718 
1010.699584 5.427535 
1012.628400 5.416046 
1014.557216 5.403977 
1016.486032 5.391378 
1018.414848 5.377896 
1020.343664 5.363446 
1022.272480 5.348815 
1024.201296 5.334046 
1026.130112 5.320047 
1028.058928 5.306103 
1029.987744 5.293027 
1031.916560 5.281640 
1033.845376 5.272171 
1035.774192 5.263682 
1037.703008 5.256682 
1039.631824 5.251853 
1041.560640 5.249805 
1043.489456 5.249940 
1045.418272 5.251157 
1047.347088 5.252426 
1049.275904 5.254244 
1051.204720 5.256182 
1053.133536 5.258046 
1055.062352 5.259189 
1056.991168 5.259957 
1058.919984 5.260341 
1060.848800 5.260294 
1062.777616 5.258740 
1064.706432 5.257117 
1066.635248 5.254667 
1068.564064 5.251502 
1070.492880 5.247929 
1072.421696 5.242966 
1074.350512 5.236026 
1076.279328 5.228646 
1078.208144 5.219720 
1080.136960 5.208601 
1082.065776 5.196501 
1083.994592 5.184519 
1085.923408 5.172101 
1087.852224 5.159893 
1089.781040 5.147820 
1091.709856 5.136050 
1093.638672 5.123423 
1095.567488 5.111933 
1097.496304 5.101829 
1099.425120 5.092523 
1101.353936 5.083050 
1103.282752 5.074663 
1105.211568 5.066878 
1107.140384 5.060694 
1109.069200 5.056134 
1110.998016 5.053889 
1112.926832 5.052888 
1114.855648 5.052917 
1116.784464 5.054185 
1118.713280 5.056838 
1120.642096 5.060084 
1122.570912 5.064360 
1124.499728 5.069047 
1126.428544 5.074065 
1128.357360 5.078323 
1130.286176 5.082447 
1132.214992 5.086604 
1134.143808 5.090642 
1136.072624 5.093218 
1138.001440 5.094928 
1139.930256 5.094865 
1141.859072 5.093287 
1143.787888 5.090817 
1145.716704 5.087558 
1147.645520 5.082591 
1149.574336 5.076078 
1151.503152 5.068345 
1153.431968 5.059184 
1155.360784 5.048071 
1157.289600 5.036170 
1159.218416 5.023842 
1161.147232 5.010747 
1163.076048 4.995566 
1165.004864 4.979538 
1166.933680 4.963941 
1168.862496 4.949508 
1170.791312 4.936191 
1172.720128 4.924765 
1174.648944 4.914503 
1176.577760 4.905572 
1178.506576 4.898533 
1180.435392 4.892838 
1182.364208 4.888385 
1184.293024 4.886166 
1186.221840 4.884658 
1188.150656 4.883369 
1190.079472 4.881430 
1192.008288 4.880577 
1193.937104 4.881469 
1195.865920 4.883562 
1197.794736 4.886697 
1199.723552 4.890988 
1201.652368 4.895057 
1203.581184 4.899960 
1205.510000 4.905665 
1207.438816 4.911283 
1209.367632 4.916998 
1211.296448 4.923509 
1213.225264 4.928239 
1215.154080 4.931186 
1217.082896 4.932818 
1219.011712 4.933743 
1220.940528 4.933841 
1222.869344 4.933116 
1224.798160 4.931477 
1226.726976 4.929116 
1228.655792 4.926476 
1230.584608 4.924987 
1232.513424 4.923168 
1234.442240 4.921657 
1236.371056 4.921328 
1238.299872 4.922798 
1240.228688 4.924444 
1242.157504 4.926604 
1244.086320 4.930011 
1246.015136 4.936280 
1247.943952 4.943059 
1249.872768 4.949151 
1251.801584 4.956413 
1253.730400 4.965294 
1255.659216 4.976101 
1257.588032 4.989506 
1259.516848 5.002581 
1261.445664 5.015844 
1263.374480 5.031092 
1265.303296 5.048764 
1267.232112 5.067916 
1269.160928 5.087681 
1271.089744 5.107989 
1273.018560 5.130092 
1274.947376 5.150543 
1276.876192 5.166360 
1278.805008 5.180069 
1280.733824 5.192032 
1282.662640 5.203137 
1284.591456 5.211711 
1286.520272 5.216225 
1288.449088 5.218819 
1290.377904 5.221357 
1292.306720 5.223606 
1294.235536 5.225581 
1296.164352 5.226382 
1298.093168 5.227585 
1300.021984 5.231256 
1301.950800 5.230895 
1303.879616 5.227126 
1305.808432 5.225011 
1307.737248 5.220860 
1309.666064 5.214370 
1311.594880 5.206481 
1313.523696 5.198511 
1315.452512 5.192364 
1317.381328 5.187467 
1319.310144 5.182595 
1321.238960 5.178886 
1323.167776 5.177202 
1325.096592 5.185417 
1327.025408 5.201834 
1328.954224 5.203795 
1330.883040 5.205139 
1332.811856 5.207631 
1334.740672 5.207896 
1336.669488 5.208269 
1338.598304 5.208662 
1340.527120 5.209623 
1342.455936 5.211282 
1344.384752 5.208450 
1346.313568 5.200217 
1348.242384 5.205753 
1350.171200 5.222532 
1352.100016 5.232233 
1354.028832 5.235152 
1355.957648 5.224308 
1357.886464 5.209505 
1359.815280 5.202971 
1361.744096 5.205838 
1363.672912 5.197959 
1365.601728 5.186173 
1367.530544 5.171787 
1369.459360 5.153895 
1371.388176 5.127973 
1373.316992 5.122259 
1375.245808 5.134652 
1377.174624 5.133183 
1379.103440 5.109694 
1381.032256 5.112373 
1382.961072 5.121411 
1384.889888 5.129322 
1386.818704 5.151023 
1388.747520 5.158263 
1390.676336 5.156782 
1392.605152 5.160700 
1394.533968 5.155256 
1396.462784 5.147276 
1398.391600 5.141032 
1400.320416 5.143264 
1402.249232 5.127386 
1404.178048 5.114212 
1406.106864 5.140157 
1408.035680 5.172758 
1409.964496 5.195249 
1411.893312 5.213302 
1413.822128 5.214818 
1415.750944 5.214086 
1417.679760 5.226467 
1419.608576 5.221579 
1421.537392 5.200568 
1423.466208 5.219247 
1425.395024 5.224249 
1427.323840 5.209054 
1429.252656 5.193205 
1431.181472 5.195764 
1433.110288 5.213450 
1435.039104 5.213414 
1436.967920 5.207682 
1438.896736 5.192040 
1440.825552 5.148429 
1442.754368 5.154197 
1444.683184 5.217107 
1446.612000 5.230524 
1448.540816 5.222004 
1450.469632 5.246856 
1452.398448 5.254664 
1454.327264 5.232778 
1456.256080 5.190239 
1458.184896 5.170962 
1460.113712 5.198659 
1462.042528 5.219215 
1463.971344 5.214493 
1465.900160 5.194345 
1467.828976 5.185121 
1469.757792 5.223202 
1471.686608 5.260990 
1473.615424 5.233120 
1475.544240 5.232876 
1477.473056 5.267795 
1479.401872 5.263970 
1481.330688 5.212915 
1483.259504 5.201155 
1485.188320 5.238850 
1487.117136 5.277862 
1489.045952 5.254645 
1490.974768 5.188683 
1492.903584 5.205827 
1494.832400 5.275784 
1496.761216 5.276934 
1498.690032 5.249325 
1500.618848 5.220543 
1502.547664 5.219588 
1504.476480 5.200801 
1506.405296 5.130002 
1508.334112 5.124758 
1510.262928 5.130168 
1512.191744 5.110551 
1514.120560 5.068206 
1516.049376 4.992753 
1517.978192 4.927288 
1519.907008 4.991701 
1521.835824 5.011824 
1523.764640 4.910159 
1525.693456 4.854315 
1527.622272 4.886343 
1529.551088 4.920242 
1531.479904 4.943012 
1533.408720 4.933492 
1535.337536 4.953378 
1537.266352 4.932877 
1539.195168 4.896342 
1541.123984 4.853736 
1543.052800 4.765289 
1544.981616 4.781889 
1546.910432 4.854138 
1548.839248 4.827064 
1550.768064 4.786988 
1552.696880 4.814784 
1554.625696 4.869298 
1556.554512 4.893000 
1558.483328 4.880029 
1560.412144 4.811980 
1562.340960 4.791116 
1564.269776 4.780895 
1566.198592 4.727962 
1568.127408 4.687891 
1570.056224 4.665175 
1571.985040 4.733568 
1573.913856 4.751953 
1575.842672 4.705331 
1577.771488 4.681406 
1579.700304 4.658596 
1581.629120 4.649628 
1583.557936 4.661813 
1585.486752 4.638904 
1587.415568 4.627750 
1589.344384 4.667419 
1591.273200 4.687293 
1593.202016 4.679434 
1595.130832 4.686516 
1597.059648 4.694704 
1598.988464 4.695249 
1600.917280 4.681307 
1602.846096 4.713555 
1604.774912 4.752804 
1606.703728 4.764584 
1608.632544 4.780046 
1610.561360 4.811464 
1612.490176 4.828400 
1614.418992 4.851590 
1616.347808 4.867318 
1618.276624 4.854811 
1620.205440 4.828197 
1622.134256 4.871560 
1624.063072 4.916083 
1625.991888 4.923599 
1627.920704 4.926608 
1629.849520 4.945601 
1631.778336 4.947579 
1633.707152 4.995787 
1635.635968 5.029222 
1637.564784 5.019544 
1639.493600 5.105088 
1641.422416 5.199643 
1643.351232 5.215287 
1645.280048 5.188261 
1647.208864 5.174458 
1649.137680 5.232736 
1651.066496 5.232967 
1652.995312 5.167630 
1654.924128 5.115862 
1656.852944 5.093551 
1658.781760 5.082415 
1660.710576 5.102429 
1662.639392 5.082959 
1664.568208 5.063271 
1666.497024 5.142122 
1668.425840 5.128380 
1670.354656 5.128999 
1672.283472 5.150171 
1674.212288 5.145111 
1676.141104 5.147560 
1678.069920 5.104974 
1679.998736 5.027881 
1681.927552 5.019532 
1683.856368 5.036008 
1685.785184 5.030360 
1687.714000 5.076910 
1689.642816 5.080682 
1691.571632 5.059728 
1693.500448 5.047284 
1695.429264 5.028528 
1697.358080 5.053380 
1699.286896 5.022193 
1701.215712 4.959442 
1703.144528 4.941132 
1705.073344 4.932079 
1707.002160 4.887722 
1708.930976 4.878473 
1710.859792 4.876273 
1712.788608 4.876403 
1714.717424 4.891308 
1716.646240 4.860391 
1718.575056 4.856919 
1720.503872 4.905122 
1722.432688 4.918380 
1724.361504 4.905133 
1726.290320 4.916671 
1728.219136 4.959562 
1730.147952 5.034692 
1732.076768 5.086265 
1734.005584 5.092333 
1735.934400 5.116158 
1737.863216 5.154396 
1739.792032 5.152914 
1741.720848 5.146742 
1743.649664 5.163198 
1745.578480 5.184759 
1747.507296 5.252660 
1749.436112 5.287839 
1751.364928 5.294348 
1753.293744 5.324438 
1755.222560 5.350492 
1757.151376 5.382323 
1759.080192 5.454579 
1761.009008 5.526750 
1762.937824 5.586264 
1764.866640 5.626231 
1766.795456 5.638876 
1768.724272 5.651811 
1770.653088 5.670583 
1772.581904 5.672488 
1774.510720 5.665645 
1776.439536 5.651869 
1778.368352 5.650493 
1780.297168 5.670936 
1782.225984 5.681508 
1784.154800 5.700486 
1786.083616 5.749290 
1788.012432 5.772782 
1789.941248 5.773786 
1791.870064 5.767933 
1793.798880 5.764793 
1795.727696 5.755267 
1797.656512 5.750646 
1799.585328 5.735810 
1801.514144 5.704340 
1803.442960 5.696917 
1805.371776 5.717468 
1807.300592 5.714914 
1809.229408 5.690548 
1811.158224 5.692494 
1813.087040 5.700780 
1815.015856 5.714490 
1816.944672 5.737898 
1818.873488 5.740226 
1820.802304 5.733399 
1822.731120 5.733439 
1824.659936 5.734003 
1826.588752 5.709049 
1828.517568 5.675661 
1830.446384 5.681825 
1832.375200 5.686075 
1834.304016 5.671993 
1836.232832 5.654021 
1838.161648 5.643984 
1840.090464 5.626004 
1842.019280 5.618871 
1843.948096 5.623895 
1845.876912 5.597360 
1847.805728 5.569938 
1849.734544 5.542965 
1851.663360 5.507474 
1853.592176 5.481170 
1855.520992 5.501807 
1857.449808 5.539765 
1859.378624 5.541913 
1861.307440 5.524335 
1863.236256 5.506092 
1865.165072 5.487212 
1867.093888 5.470833 
1869.022704 5.453445 
1870.951520 5.438518 
1872.880336 5.419125 
1874.809152 5.402837 
1876.737968 5.392277 
1878.666784 5.383209 
1880.595600 5.396408 
1882.524416 5.421291 
1884.453232 5.415206 
1886.382048 5.400843 
1888.310864 5.392345 
1890.239680 5.384956 
1892.168496 5.376551 
1894.097312 5.369081 
1896.026128 5.365700 
1897.954944 5.360015 
1899.883760 5.348980 
1901.812576 5.340399 
1903.741392 5.344079 
1905.670208 5.342123 
1907.599024 5.338778 
1909.527840 5.341976 
1911.456656 5.334596 
1913.385472 5.322152 
1915.314288 5.309232 
1917.243104 5.296302 
1919.171920 5.284301 
1921.100736 5.274800 
1923.029552 5.265304 
1924.958368 5.249011 
1926.887184 5.230261 
1928.816000 5.225627 
1930.744816 5.233415 
1932.673632 5.234015 
1934.602448 5.230151 
1936.531264 5.231432 
1938.460080 5.223293 
1940.388896 5.215428 
1942.317712 5.210456 
1944.246528 5.205605 
1946.175344 5.200777 
1948.104160 5.195575 
1950.032976 5.188553 
1951.961792 5.183491 
1953.890608 5.185487 
1955.819424 5.192648 
1957.748240 5.191537 
1959.677056 5.187001 
1961.605872 5.183278 
1963.534688 5.179645 
1965.463504 5.176091 
1967.392320 5.172659 
1969.321136 5.168712 
1971.249952 5.163132 
1973.178768 5.157895 
1975.107584 5.152488 
1977.036400 5.147970 
1978.965216 5.149348 
1980.894032 5.148009 
1982.822848 5.140185 
1984.751664 5.132324 
1986.680480 5.125430 
1988.609296 5.118302 
1990.538112 5.111293 
1992.466928 5.104534 
1994.395744 5.098634 
1996.324560 5.092698 
1998.253376 5.086504 
2000.182192 5.081055 
2002.111008 5.080161 
2004.039824 5.084160 
2005.968640 5.084137 
2007.897456 5.076330 
2009.826272 5.069444 
2011.755088 5.064583 
2013.683904 5.060086 
2015.612720 5.055744 
2017.541536 5.052580 
2019.470352 5.050584 
2021.399168 5.049667 
2023.327984 5.048386 
2025.256800 5.047757 
2027.185616 5.050773 
2029.114432 5.056003 
2031.043248 5.056872 
2032.972064 5.050740 
2034.900880 5.044841 
2036.829696 5.040729 
2038.758512 5.036811 
2040.687328 5.032653 
2042.616144 5.027966 
2044.544960 5.023417 
2046.473776 5.019520 
2048.402592 5.015236 
2050.331408 5.012921 
2052.260224 5.012117 
2054.189040 5.009247 
2056.117856 5.002929 
2058.046672 4.995719 
2059.975488 4.990447 
2061.904304 4.985731 
2063.833120 4.981706 
2065.761936 4.978118 
2067.690752 4.974626 
2069.619568 4.971327 
2071.548384 4.969063 
2073.477200 4.967429 
2075.406016 4.966767 
2077.334832 4.967671 
2079.263648 4.965548 
2081.192464 4.960657 
2083.121280 4.957248 
2085.050096 4.955347 
2086.978912 4.953839 
2088.907728 4.951791 
2090.836544 4.949860 
2092.765360 4.947954 
2094.694176 4.946173 
2096.622992 4.944387 
2098.551808 4.942595 
2100.480624 4.941083 
2102.409440 4.939994 
2104.338256 4.937575 
2106.267072 4.933851 
2108.195888 4.930353 
2110.124704 4.926906 
2112.053520 4.923665 
2113.982336 4.920605 
2115.911152 4.917415 
2117.839968 4.914400 
2119.768784 4.911711 
2121.697600 4.908978 
2123.626416 4.905773 
2125.555232 4.902306 
2127.484048 4.899142 
2129.412864 4.895640 
2131.341680 4.892133 
2133.270496 4.889292 
2135.199312 4.886029 
2137.128128 4.882708 
2139.056944 4.879334 
2140.985760 4.875765 
2142.914576 4.872269 
2144.843392 4.869563 
2146.772208 4.867691 
2148.701024 4.866252 
2150.629840 4.864270 
2152.558656 4.861427 
2154.487472 4.858378 
2156.416288 4.855432 
2158.345104 4.853066 
2160.273920 4.851250 
2162.202736 4.849496 
2164.131552 4.848060 
2166.060368 4.846717 
2167.989184 4.844858 
2169.918000 4.843023 
2171.846816 4.841498 
2173.775632 4.840285 
2175.704448 4.838986 
2177.633264 4.837381 
2179.562080 4.835844 
2181.490896 4.834802 
2183.419712 4.833446 
2185.348528 4.831138 
2187.277344 4.828178 
2189.206160 4.825431 
2191.134976 4.823256 
2193.063792 4.820895 
2194.992608 4.818049 
2196.921424 4.815201 
2198.850240 4.812430 
2200.779056 4.809316 
2202.707872 4.805825 
2204.636688 4.802438 
2206.565504 4.798997 
2208.494320 4.795494 
2210.423136 4.791892 
2212.351952 4.788309 
2214.280768 4.784913 
2216.209584 4.782164 
2218.138400 4.779918 
2220.067216 4.778072 
2221.996032 4.776744 
2223.924848 4.775986 
2225.853664 4.775376 
2227.782480 4.774414 
2229.711296 4.773163 
2231.640112 4.771636 
2233.568928 4.770132 
2235.497744 4.769272 
2237.426560 4.768642 
2239.355376 4.768163 
2241.284192 4.767496 
2243.213008 4.766068 
2245.141824 4.763865 
2247.070640 4.760735 
2248.999456 4.755527 
2250.928272 4.747504 
2252.857088 4.736441 
2254.785904 4.722424 
2256.714720 4.706254 
2258.643536 4.688730 
2260.572352 4.670979 
2262.501168 4.653691 
2264.429984 4.637279 
2266.358800 4.623231 
2268.287616 4.612737 
2270.216432 4.608376 
2272.145248 4.611974 
2274.074064 4.620687 
2276.002880 4.629801 
2277.931696 4.635398 
2279.860512 4.634220 
2281.789328 4.623394 
2283.718144 4.601106 
2285.646960 4.566076 
2287.575776 4.517278 
2289.504592 4.454140 
2291.433408 4.379194 
2293.362224 4.295130 
2295.291040 4.201912 
2297.219856 4.099204 
2299.148672 3.983852 
2301.077488 3.852458 
2303.006304 3.709567 
2304.935120 3.559725 
2306.863936 3.399601 
2308.792752 3.224177 
2310.721568 3.032821 
2312.650384 2.833209 
2314.579200 2.635019 
2316.508016 2.442548 
2318.436832 2.257469 
2320.365648 2.082949 
2322.294464 1.923876 
2324.223280 1.781188 
2326.152096 1.655380 
2328.080912 1.549033 
2330.009728 1.463536 
2331.938544 1.388300 
2333.867360 1.312968 
2335.796176 1.278836 
2337.724992 1.322564 
2339.653808 1.412499 
2341.582624 1.507431 
2343.511440 1.578407 
2345.440256 1.610787 
2347.369072 1.603113 
2349.297888 1.558871 
2351.226704 1.477302 
2353.155520 1.361470 
2355.084336 1.217880 
2357.013152 1.056917 
2358.941968 0.898080 
2360.870784 0.782271 
2362.799600 0.769788 
2364.728416 0.864815 
2366.657232 1.022920 
2368.586048 1.236377 
2370.514864 1.511686 
2372.443680 1.847730 
2374.372496 2.232147 
2376.301312 2.645618 
2378.230128 3.064003 
2380.158944 3.463915 
2382.087760 3.823994 
2384.016576 4.128136 
2385.945392 4.366162 
2387.874208 4.534744 
2389.803024 4.637134 
2391.731840 4.683889 
2393.660656 4.690726 
2395.589472 4.676486 
2397.518288 4.657559 
2399.447104 4.642986 
2401.375920 4.633999 
2403.304736 4.629420 
2405.233552 4.627379 
2407.162368 4.626378 
2409.091184 4.625547 
2411.020000 4.624439 
2412.948816 4.622717 
2414.877632 4.620884 
2416.806448 4.619386 
2418.735264 4.618002 
2420.664080 4.616863 
2422.592896 4.616379 
2424.521712 4.617078 
2426.450528 4.618198 
2428.379344 4.618362 
2430.308160 4.617077 
2432.236976 4.615133 
2434.165792 4.613303 
2436.094608 4.612222 
2438.023424 4.611335 
2439.952240 4.610220 
2441.881056 4.609528 
2443.809872 4.609045 
2445.738688 4.607907 
2447.667504 4.606442 
2449.596320 4.605020 
2451.525136 4.603970 
2453.453952 4.602640 
2455.382768 4.601232 
2457.311584 4.600333 
2459.240400 4.600494 
2461.169216 4.600759 
2463.098032 4.600776 
2465.026848 4.599870 
2466.955664 4.598063 
2468.884480 4.596274 
2470.813296 4.594553 
2472.742112 4.593068 
2474.670928 4.592518 
2476.599744 4.592821 
2478.528560 4.593089 
2480.457376 4.592333 
2482.386192 4.591016 
2484.315008 4.589390 
2486.243824 4.587742 
2488.172640 4.585452 
2490.101456 4.583371 
2492.030272 4.582150 
2493.959088 4.581969 
2495.887904 4.582647 
2497.816720 4.582903 
2499.745536 4.582110 
2501.674352 4.581096 
2503.603168 4.579606 
2505.531984 4.577744 
2507.460800 4.576324 
2509.389616 4.575853 
2511.318432 4.576056 
2513.247248 4.576452 
2515.176064 4.576384 
2517.104880 4.576378 
2519.033696 4.576052 
2520.962512 4.575583 
2522.891328 4.574933 
2524.820144 4.573461 
2526.748960 4.572021 
2528.677776 4.572001 
2530.606592 4.572592 
2532.535408 4.573469 
2534.464224 4.574309 
2536.393040 4.574696 
2538.321856 4.574013 
2540.250672 4.572656 
2542.179488 4.571030 
2544.108304 4.569759 
2546.037120 4.569200 
2547.965936 4.569524 
2549.894752 4.569722 
2551.823568 4.569565 
2553.752384 4.568696 
2555.681200 4.566789 
2557.610016 4.563920 
2559.538832 4.561024 
2561.467648 4.558892 
2563.396464 4.558188 
2565.325280 4.557718 
2567.254096 4.557533 
2569.182912 4.557620 
2571.111728 4.557788 
2573.040544 4.557886 
2574.969360 4.557602 
2576.898176 4.556894 
2578.826992 4.556525 
2580.755808 4.555710 
2582.684624 4.554955 
2584.613440 4.554978 
2586.542256 4.555711 
2588.471072 4.556318 
2590.399888 4.556382 
2592.328704 4.555192 
2594.257520 4.553685 
2596.186336 4.551985 
2598.115152 4.550236 
2600.043968 4.549209 
2601.972784 4.549196 
2603.901600 4.549483 
2605.830416 4.549902 
2607.759232 4.549456 
2609.688048 4.548243 
2611.616864 4.546647 
2613.545680 4.545304 
2615.474496 4.543604 
2617.403312 4.541879 
2619.332128 4.541301 
2621.260944 4.541773 
2623.189760 4.542072 
2625.118576 4.541806 
2627.047392 4.540616 
2628.976208 4.538663 
2630.905024 4.536486 
2632.833840 4.534299 
2634.762656 4.532016 
2636.691472 4.530135 
2638.620288 4.529448 
2640.549104 4.530103 
2642.477920 4.530375 
2644.406736 4.530523 
2646.335552 4.531357 
2648.264368 4.531672 
2650.193184 4.530964 
2652.122000 4.529544 
2654.050816 4.527500 
2655.979632 4.525954 
2657.908448 4.525107 
2659.837264 4.524564 
2661.766080 4.523994 
2663.694896 4.522807 
2665.623712 4.521154 
2667.552528 4.519337 
2669.481344 4.517110 
2671.410160 4.514870 
2673.338976 4.513332 
2675.267792 4.512200 
2677.196608 4.511264 
2679.125424 4.510314 
2681.054240 4.508544 
2682.983056 4.506772 
2684.911872 4.505373 
2686.840688 4.504339 
2688.769504 4.502957 
2690.698320 4.501307 
2692.627136 4.500378 
2694.555952 4.500147 
2696.484768 4.499861 
2698.413584 4.499360 
2700.342400 4.498282 
2702.271216 4.496519 
2704.200032 4.494532 
2706.128848 4.492551 
2708.057664 4.490340 
2709.986480 4.489160 
2711.915296 4.488875 
2713.844112 4.488482 
2715.772928 4.487632 
2717.701744 4.487231 
2719.630560 4.487012 
2721.559376 4.486245 
2723.488192 4.484762 
2725.417008 4.483271 
2727.345824 4.481613 
2729.274640 4.480330 
2731.203456 4.479673 
2733.132272 4.478696 
2735.061088 4.477227 
2736.989904 4.476425 
2738.918720 4.474990 
2740.847536 4.472568 
2742.776352 4.470079 
2744.705168 4.468050 
2746.633984 4.465944 
2748.562800 4.464242 
2750.491616 4.463172 
2752.420432 4.462709 
2754.349248 4.462023 
2756.278064 4.460886 
2758.206880 4.459664 
2760.135696 4.458374 
2762.064512 4.457538 
2763.993328 4.457487 
2765.922144 4.456538 
2767.850960 4.455126 
2769.779776 4.454008 
2771.708592 4.453151 
2773.637408 4.452305 
2775.566224 4.451377 
2777.495040 4.449938 
2779.423856 4.448364 
2781.352672 4.446279 
2783.281488 4.444116 
2785.210304 4.442148 
2787.139120 4.440921 
2789.067936 4.440122 
2790.996752 4.438917 
2792.925568 4.436433 
2794.854384 4.433743 
2796.783200 4.431214 
2798.712016 4.429241 
2800.640832 4.426900 
2802.569648 4.424045 
2804.498464 4.421666 
2806.427280 4.420173 
2808.356096 4.418268 
2810.284912 4.416555 
2812.213728 4.414857 
2814.142544 4.413662 
2816.071360 4.412201 
2818.000176 4.409775 
2819.928992 4.407227 
2821.857808 4.405190 
2823.786624 4.402523 
2825.715440 4.399118 
2827.644256 4.394361 
2829.573072 4.388511 
2831.501888 4.381512 
2833.430704 4.373008 
2835.359520 4.362793 
2837.288336 4.351052 
2839.217152 4.336129 
2841.145968 4.318309 
2843.074784 4.298280 
2845.003600 4.278155 
2846.932416 4.259704 
2848.861232 4.243913 
2850.790048 4.231588 
2852.718864 4.224117 
2854.647680 4.221755 
2856.576496 4.223929 
2858.505312 4.228745 
2860.434128 4.235907 
2862.362944 4.244491 
2864.291760 4.252763 
2866.220576 4.259477 
2868.149392 4.265072 
2870.078208 4.269788 
2872.007024 4.274495 
2873.935840 4.278794 
2875.864656 4.282639 
2877.793472 4.285378 
2879.722288 4.286785 
2881.651104 4.286570 
2883.579920 4.284383 
2885.508736 4.279066 
2887.437552 4.272005 
2889.366368 4.263677 
2891.295184 4.255043 
2893.224000 4.247141 
2895.152816 4.239148 
2897.081632 4.230502 
2899.010448 4.221673 
2900.939264 4.212147 
2902.868080 4.201327 
2904.796896 4.188439 
2906.725712 4.173555 
2908.654528 4.156403 
2910.583344 4.137721 
2912.512160 4.117781 
2914.440976 4.096901 
2916.369792 4.076671 
2918.298608 4.059936 
2920.227424 4.047400 
2922.156240 4.038742 
2924.085056 4.035553 
2926.013872 4.039420 
2927.942688 4.050040 
2929.871504 4.066611 
2931.800320 4.087129 
2933.729136 4.110327 
2935.657952 4.133671 
2937.586768 4.154748 
2939.515584 4.171445 
2941.444400 4.183605 
2943.373216 4.191285 
2945.302032 4.194691 
2947.230848 4.195130 
2949.159664 4.193861 
2951.088480 4.192252 
2953.017296 4.192108 
2954.946112 4.192888 
2956.874928 4.195380 
2958.803744 4.200414 
2960.732560 4.208787 
2962.661376 4.218914 
2964.590192 4.230209 
2966.519008 4.243396 
2968.447824 4.258363 
2970.376640 4.272688 
2972.305456 4.286536 
2974.234272 4.299658 
2976.163088 4.310290 
2978.091904 4.317935 
2980.020720 4.324016 
2981.949536 4.327707 
2983.878352 4.329228 
2985.807168 4.330084 
2987.735984 4.331801 
2989.664800 4.334115 
2991.593616 4.336489 
2993.522432 4.339022 
2995.451248 4.341406 
2997.380064 4.342762 
2999.308880 4.342973 
3001.237696 4.340993 
3003.166512 4.338355 
3005.095328 4.335887 
3007.024144 4.335023 
3008.952960 4.335319 
3010.881776 4.336291 
3012.810592 4.337211 
3014.739408 4.338068 
3016.668224 4.339406 
3018.597040 4.339529 
3020.525856 4.338158 
3022.454672 4.336435 
3024.383488 4.333527 
3026.312304 4.330695 
3028.241120 4.328163 
3030.169936 4.327597 
3032.098752 4.327812 
3034.027568 4.329401 
3035.956384 4.330753 
3037.885200 4.330085 
3039.814016 4.327663 
3041.742832 4.326675 
3043.671648 4.327573 
3045.600464 4.326666 
3047.529280 4.325178 
3049.458096 4.325083 
3051.386912 4.324704 
3053.315728 4.324025 
3055.244544 4.321165 
3057.173360 4.318299 
3059.102176 4.315346 
3061.030992 4.312698 
3062.959808 4.311012 
3064.888624 4.310701 
3066.817440 4.311969 
3068.746256 4.314841 
3070.675072 4.316135 
3072.603888 4.314936 
3074.532704 4.314256 
3076.461520 4.311917 
3078.390336 4.308157 
3080.319152 4.305150 
3082.247968 4.300841 
3084.176784 4.298242 
3086.105600 4.299141 
3088.034416 4.300544 
3089.963232 4.301993 
3091.892048 4.303770 
3093.820864 4.303709 
3095.749680 4.300768 
3097.678496 4.295262 
3099.607312 4.289666 
3101.536128 4.285877 
3103.464944 4.282761 
3105.393760 4.282279 
3107.322576 4.284428 
3109.251392 4.286906 
3111.180208 4.289592 
3113.109024 4.291460 
3115.037840 4.288611 
3116.966656 4.283774 
3118.895472 4.280926 
3120.824288 4.276919 
3122.753104 4.271799 
3124.681920 4.268664 
3126.610736 4.268216 
3128.539552 4.270253 
3130.468368 4.272667 
3132.397184 4.273628 
3134.326000 4.273098 
3136.254816 4.271113 
3138.183632 4.267892 
3140.112448 4.264239 
3142.041264 4.261382 
3143.970080 4.260756 
3145.898896 4.262310 
3147.827712 4.263076 
3149.756528 4.263620 
3151.685344 4.264592 
3153.614160 4.264325 
3155.542976 4.262785 
3157.471792 4.259008 
3159.400608 4.253004 
3161.329424 4.248334 
3163.258240 4.246864 
3165.187056 4.247171 
3167.115872 4.246853 
3169.044688 4.247209 
3170.973504 4.246871 
3172.902320 4.244764 
3174.831136 4.241896 
3176.759952 4.238863 
3178.688768 4.235518 
3180.617584 4.232333 
3182.546400 4.230673 
3184.475216 4.231018 
3186.404032 4.232484 
3188.332848 4.236374 
3190.261664 4.239635 
3192.190480 4.238466 
3194.119296 4.234926 
3196.048112 4.231962 
3197.976928 4.227190 
3199.905744 4.223021 
3201.834560 4.220680 
3203.763376 4.219482 
3205.692192 4.219544 
3207.621008 4.220754 
3209.549824 4.221181 
3211.478640 4.220962 
3213.407456 4.219193 
3215.336272 4.215976 
3217.265088 4.210676 
3219.193904 4.205647 
3221.122720 4.202736 
3223.051536 4.201180 
3224.980352 4.199466 
3226.909168 4.199731 
3228.837984 4.200386 
3230.766800 4.201638 
3232.695616 4.200664 
3234.624432 4.195881 
3236.553248 4.190088 
3238.482064 4.186451 
3240.410880 4.185037 
3242.339696 4.184661 
3244.268512 4.184651 
3246.197328 4.185769 
3248.126144 4.186569 
3250.054960 4.186976 
3251.983776 4.186950 
3253.912592 4.185401 
3255.841408 4.182879 
3257.770224 4.181043 
3259.699040 4.178777 
3261.627856 4.177851 
3263.556672 4.179316 
3265.485488 4.181453 
3267.414304 4.183014 
3269.343120 4.182369 
3271.271936 4.178462 
3273.200752 4.173726 
3275.129568 4.168956 
3277.058384 4.164662 
3278.987200 4.161392 
3280.916016 4.157993 
3282.844832 4.156445 
3284.773648 4.157896 
3286.702464 4.160846 
3288.631280 4.163326 
3290.560096 4.163036 
3292.488912 4.161644 
3294.417728 4.161283 
3296.346544 4.160824 
3298.275360 4.159853 
3300.204176 4.159511 
3302.132992 4.159528 
3304.061808 4.160181 
3305.990624 4.160031 
3307.919440 4.157763 
3309.848256 4.154340 
3311.777072 4.150204 
3313.705888 4.144503 
3315.634704 4.136877 
3317.563520 4.128714 
3319.492336 4.125258 
3321.421152 4.126551 
3323.349968 4.127649 
3325.278784 4.126448 
3327.207600 4.124751 
3329.136416 4.122281 
3331.065232 4.118883 
3332.994048 4.113539 
3334.922864 4.107196 
3336.851680 4.101256 
3338.780496 4.096788 
3340.709312 4.093436 
3342.638128 4.091074 
3344.566944 4.089492 
3346.495760 4.090363 
3348.424576 4.090403 
3350.353392 4.086723 
3352.282208 4.080476 
3354.211024 4.073014 
3356.139840 4.063995 
3358.068656 4.054743 
3359.997472 4.047301 
3361.926288 4.042473 
3363.855104 4.039608 
3365.783920 4.037791 
3367.712736 4.036114 
3369.641552 4.034183 
3371.570368 4.030657 
3373.499184 4.025593 
3375.428000 4.019107 
3377.356816 4.014838 
3379.285632 4.012797 
3381.214448 4.010057 
3383.143264 4.008625 
3385.072080 4.008113 
3387.000896 4.010133 
3388.929712 4.012930 
3390.858528 4.013061 
3392.787344 4.010352 
3394.716160 4.006607 
3396.644976 4.003398 
3398.573792 3.999290 
3400.502608 3.995274 
3402.431424 3.993740 
3404.360240 3.997043 
3406.289056 4.003445 
3408.217872 4.006652 
3410.146688 4.005389 
3412.075504 4.002206 
3414.004320 3.999773 
3415.933136 3.996677 
3417.861952 3.992894 
3419.790768 3.989479 
3421.719584 3.988058 
3423.648400 3.989309 
3425.577216 3.990776 
3427.506032 3.993864 
3429.434848 3.997998 
3431.363664 4.004296 
3433.292480 4.014318 
3435.221296 4.013313 
3437.150112 4.004215 
3439.078928 3.998488 
3441.007744 3.995992 
3442.936560 3.996273 
3444.865376 3.998665 
3446.794192 4.002389 
3448.723008 4.008260 
3450.651824 4.012777 
3452.580640 4.015057 
3454.509456 4.017905 
3456.438272 4.022804 
3458.367088 4.031233 
3460.295904 4.041840 
3462.224720 4.043764 
3464.153536 4.043467 
3466.082352 4.051107 
3468.011168 4.063182 
3469.939984 4.071268 
3471.868800 4.074147 
3473.797616 4.078080 
3475.726432 4.079942 
3477.655248 4.076271 
3479.584064 4.073248 
3481.512880 4.075810 
3483.441696 4.081038 
3485.370512 4.086073 
3487.299328 4.096542 
3489.228144 4.110109 
3491.156960 4.114823 
3493.085776 4.115616 
3495.014592 4.120715 
3496.943408 4.121975 
3498.872224 4.118225 
3500.801040 4.116085 
3502.729856 4.113632 
3504.658672 4.113519 
3506.587488 4.117620 
3508.516304 4.130527 
3510.445120 4.144535 
3512.373936 4.155409 
3514.302752 4.170816 
3516.231568 4.176734 
3518.160384 4.164533 
3520.089200 4.152568 
3522.018016 4.157015 
3523.946832 4.158915 
3525.875648 4.151327 
3527.804464 4.146277 
3529.733280 4.154342 
3531.662096 4.178064 
3533.590912 4.203021 
3535.519728 4.224123 
3537.448544 4.247054 
3539.377360 4.270307 
3541.306176 4.283221 
3543.234992 4.281729 
3545.163808 4.277081 
3547.092624 4.274666 
3549.021440 4.269459 
3550.950256 4.267085 
3552.879072 4.290765 
3554.807888 4.321443 
3556.736704 4.339109 
3558.665520 4.351394 
3560.594336 4.353584 
3562.523152 4.351430 
3564.451968 4.355822 
3566.380784 4.355899 
3568.309600 4.339159 
3570.238416 4.317872 
3572.167232 4.317848 
3574.096048 4.340446 
3576.024864 4.351517 
3577.953680 4.373143 
3579.882496 4.414012 
3581.811312 4.436940 
3583.740128 4.435370 
3585.668944 4.438248 
3587.597760 4.440634 
3589.526576 4.428358 
3591.455392 4.407663 
3593.384208 4.398047 
3595.313024 4.395958 
3597.241840 4.400010 
3599.170656 4.435781 
3601.099472 4.470367 
3603.028288 4.479315 
3604.957104 4.510945 
3606.885920 4.550596 
3608.814736 4.563473 
3610.743552 4.548570 
3612.672368 4.537910 
3614.601184 4.571022 
3616.530000 4.599817 
3618.458816 4.604715 
3620.387632 4.616013 
3622.316448 4.615665 
3624.245264 4.605504 
3626.174080 4.599609 
3628.102896 4.580529 
3630.031712 4.553975 
3631.960528 4.542931 
3633.889344 4.567493 
3635.818160 4.623550 
3637.746976 4.661628 
3639.675792 4.700104 
3641.604608 4.777024 
3643.533424 4.821592 
3645.462240 4.818035 
3647.391056 4.806310 
3649.319872 4.773761 
3651.248688 4.720516 
3653.177504 4.654190 
3655.106320 4.612995 
3657.035136 4.600010 
3658.963952 4.607615 
3660.892768 4.712227 
3662.821584 4.843431 
3664.750400 4.887063 
3666.679216 4.897086 
3668.608032 4.899980 
3670.536848 4.872034 
3672.465664 4.814025 
3674.394480 4.784501 
3676.323296 4.774564 
3678.252112 4.743083 
3680.180928 4.702081 
3682.109744 4.687496 
3684.038560 4.669752 
3685.967376 4.649574 
3687.896192 4.688704 
3689.825008 4.707783 
3691.753824 4.666030 
3693.682640 4.614140 
3695.611456 4.580798 
3697.540272 4.594523 
3699.469088 4.625372 
3701.397904 4.668742 
3703.326720 4.696603 
3705.255536 4.686591 
3707.184352 4.667616 
3709.113168 4.662164 
3711.041984 4.656549 
3712.970800 4.650418 
3714.899616 4.624694 
3716.828432 4.576362 
3718.757248 4.550448 
3720.686064 4.593373 
3722.614880 4.687143 
3724.543696 4.758585 
3726.472512 4.764838 
3728.401328 4.743047 
3730.330144 4.760855 
3732.258960 4.784207 
3734.187776 4.801394 
3736.116592 4.861421 
3738.045408 4.927642 
3739.974224 4.934804 
3741.903040 4.894103 
3743.831856 4.868315 
3745.760672 4.878934 
3747.689488 4.887282 
3749.618304 4.848186 
3751.547120 4.769147 
3753.475936 4.687710 
3755.404752 4.642281 
3757.333568 4.634388 
3759.262384 4.601843 
3761.191200 4.577657 
3763.120016 4.606662 
3765.048832 4.635118 
3766.977648 4.626577 
3768.906464 4.618090 
3770.835280 4.632126 
3772.764096 4.642614 
3774.692912 4.628136 
3776.621728 4.609977 
3778.550544 4.603766 
3780.479360 4.598297 
3782.408176 4.613333 
3784.336992 4.617870 
3786.265808 4.622588 
3788.194624 4.659795 
3790.123440 4.692198 
3792.052256 4.730889 
3793.981072 4.771182 
3795.909888 4.777484 
3797.838704 4.765175 
3799.767520 4.733392 
3801.696336 4.714932 
3803.625152 4.696784 
3805.553968 4.684756 
3807.482784 4.706009 
3809.411600 4.717557 
3811.340416 4.715946 
3813.269232 4.731892 
3815.198048 4.745612 
3817.126864 4.729730 
3819.055680 4.719838 
3820.984496 4.705737 
3822.913312 4.681514 
3824.842128 4.681281 
3826.770944 4.692872 
3828.699760 4.719626 
3830.628576 4.730375 
3832.557392 4.726710 
3834.486208 4.713602 
3836.415024 4.661745 
3838.343840 4.661881 
3840.272656 4.717865 
3842.201472 4.720214 
3844.130288 4.688597 
3846.059104 4.649478 
3847.987920 4.628975 
3849.916736 4.645353 
3851.845552 4.666833 
3853.774368 4.660375 
3855.703184 4.658905 
3857.632000 4.646678 
3859.560816 4.612011 
3861.489632 4.573856 
3863.418448 4.552323 
3865.347264 4.595003 
3867.276080 4.645703 
3869.204896 4.616768 
3871.133712 4.590461 
3873.062528 4.571239 
3874.991344 4.557110 
3876.920160 4.563398 
3878.848976 4.572627 
3880.777792 4.566118 
3882.706608 4.571236 
3884.635424 4.573985 
3886.564240 4.583117 
3888.493056 4.598422 
3890.421872 4.620968 
3892.350688 4.644415 
3894.279504 4.648885 
3896.208320 4.634449 
3898.137136 4.624665 
3900.065952 4.600783 
3901.994768 4.583043 
3903.923584 4.584941 
3905.852400 4.576061 
3907.781216 4.543341 
3909.710032 4.523518 
3911.638848 4.531165 
3913.567664 4.553427 
3915.496480 4.582094 
3917.425296 4.613757 
3919.354112 4.619001 
3921.282928 4.599227 
3923.211744 4.578088 
3925.140560 4.559357 
3927.069376 4.546306 
3928.998192 4.548597 
3930.927008 4.549771 
3932.855824 4.546070 
3934.784640 4.545348 
3936.713456 4.548965 
3938.642272 4.546772 
3940.571088 4.540393 
3942.499904 4.542319 
3944.428720 4.549471 
3946.357536 4.546406 
3948.286352 4.532910 
3950.215168 4.518581 
3952.143984 4.506983 
3954.072800 4.502467 
3956.001616 4.504034 
3957.930432 4.505879 
3959.859248 4.512589 
3961.788064 4.521940 
3963.716880 4.524604 
3965.645696 4.520507 
3967.574512 4.518450 
3969.503328 4.517135 
3971.432144 4.516471 
3973.360960 4.516138 
3975.289776 4.516771 
3977.218592 4.514308 
3979.147408 4.512912 
3981.076224 4.515874 
3983.005040 4.519901 
3984.933856 4.523240 
3986.862672 4.527440 
3988.791488 4.529081 
3990.720304 4.527254 
3992.649120 4.525411 
3994.577936 4.524793 
3996.506752 4.524278 
3998.435568 4.525679 
4000.364384 4.528199 