##YUNITS=%T
349.115696 15.155437 
351.044512 16.198868 
352.973328 17.099359 
354.902144 17.882431 
356.830960 18.458451 
358.759776 18.859133 
360.688592 19.114660 
362.617408 19.093257 
364.546224 18.764618 
366.475040 17.939754 
368.403856 16.714467 
370.332672 15.448626 
372.261488 15.722688 
374.190304 16.040098 
376.119120 16.146128 
378.047936 16.171826 
379.976752 16.242123 
381.905568 16.377329 
383.834384 16.512251 
385.763200 16.655952 
387.692016 16.756914 
389.620832 16.742185 
391.549648 16.680061 
393.478464 16.614905 
395.407280 16.520552 
397.336096 16.438687 
399.264912 16.365013 
401.193728 16.280027 
403.122544 16.241099 
405.051360 16.277314 
406.980176 16.300777 
408.908992 16.284979 
410.837808 16.241810 
412.766624 16.123556 
414.695440 15.961854 
416.624256 15.828329 
418.553072 15.726805 
420.481888 15.665525 
422.410704 15.618063 
424.339520 15.582202 
426.268336 15.574155 
428.197152 15.600057 
430.125968 15.664252 
432.054784 15.750727 
433.983600 15.797597 
435.912416 15.824289 
437.841232 15.854256 
439.770048 15.867426 
441.698864 15.860257 
443.627680 15.856941 
445.556496 15.844146 
447.485312 15.819599 
449.414128 15.784167 
451.342944 15.742140 
453.271760 15.713673 
455.200576 15.693076 
457.129392 15.660532 
459.058208 15.623732 
460.987024 15.563033 
462.915840 15.461564 
464.844656 15.335195 
466.773472 15.189657 
468.702288 15.031330 
470.631104 14.873399 
472.559920 14.701988 
474.488736 14.518773 
476.417552 14.343711 
478.346368 14.192507 
480.275184 14.073641 
482.204000 13.966938 
484.132816 13.870534 
486.061632 13.808720 
487.990448 13.766575 
489.919264 13.740003 
491.848080 13.735043 
493.776896 13.752611 
495.705712 13.792094 
497.634528 13.840758 
499.563344 13.887138 
501.492160 13.931047 
503.420976 13.980058 
505.349792 14.022769 
507.278608 14.057172 
509.207424 14.081120 
511.136240 14.105410 
513.065056 14.136991 
514.993872 14.166837 
516.922688 14.187244 
518.851504 14.201357 
520.780320 14.218340 
522.709136 14.231564 
524.637952 14.243061 
526.566768 14.260181 
528.495584 14.278784 
530.424400 14.301456 
532.353216 14.328871 
534.282032 14.356669 
536.210848 14.385520 
538.139664 14.422104 
540.068480 14.462168 
541.997296 14.505586 
543.926112 14.561980 
545.854928 14.627964 
547.783744 14.698808 
549.712560 14.775010 
551.641376 14.854245 
553.570192 14.939111 
555.499008 15.023513 
557.427824 15.105811 
559.356640 15.181939 
561.285456 15.245108 
563.214272 15.298360 
565.143088 15.335527 
567.071904 15.363468 
569.000720 15.383020 
570.929536 15.392719 
572.858352 15.389579 
574.787168 15.375498 
576.715984 15.360277 
578.644800 15.336752 
580.573616 15.279222 
582.502432 15.176455 
584.431248 15.036180 
586.360064 14.871426 
588.288880 14.689491 
590.217696 14.492385 
592.146512 14.283426 
594.075328 14.073255 
596.004144 13.864092 
597.932960 13.663137 
599.861776 13.480772 
601.790592 13.332005 
603.719408 13.225191 
605.648224 13.145460 
607.577040 13.076599 
609.505856 13.030378 
611.434672 13.019574 
613.363488 13.040458 
615.292304 13.083289 
617.221120 13.142244 
619.149936 13.212237 
621.078752 13.281919 
623.007568 13.346328 
624.936384 13.400974 
626.865200 13.450157 
628.794016 13.495553 
630.722832 13.538859 
632.651648 13.577520 
634.580464 13.615929 
636.509280 13.653843 
638.438096 13.689758 
640.366912 13.722113 
642.295728 13.751430 
644.224544 13.774957 
646.153360 13.793530 
648.082176 13.806629 
650.010992 13.815890 
651.939808 13.817440 
653.868624 13.842198 
655.797440 13.894783 
657.726256 13.895221 
659.655072 13.887509 
661.583888 13.879289 
663.512704 13.867161 
665.441520 13.849363 
667.370336 13.826224 
669.299152 13.795599 
671.227968 13.759485 
673.156784 13.725372 
675.085600 13.701158 
677.014416 13.694493 
678.943232 13.712676 
680.872048 13.774897 
682.800864 13.850359 
684.729680 13.889912 
686.658496 13.966145 
688.587312 14.057380 
690.516128 14.153070 
692.444944 14.246545 
694.373760 14.334725 
696.302576 14.412785 
698.231392 14.481627 
700.160208 14.542647 
702.089024 14.595940 
704.017840 14.639224 
705.946656 14.676494 
707.875472 14.706144 
709.804288 14.727148 
711.733104 14.741839 
713.661920 14.752178 
715.590736 14.758942 
717.519552 14.761231 
719.448368 14.759492 
721.377184 14.756119 
723.306000 14.752057 
725.234816 14.747305 
727.163632 14.741410 
729.092448 14.734373 
731.021264 14.725674 
732.950080 14.716409 
734.878896 14.706016 
736.807712 14.696602 
738.736528 14.689221 
740.665344 14.682454 
742.594160 14.674461 
744.522976 14.664966 
746.451792 14.655523 
748.380608 14.646472 
750.309424 14.637321 
752.238240 14.626320 
754.167056 14.613762 
756.095872 14.601983 
758.024688 14.590354 
759.953504 14.579151 
761.882320 14.571333 
763.811136 14.565536 
765.739952 14.560490 
767.668768 14.556762 
769.597584 14.553799 
771.526400 14.552800 
773.455216 14.553874 
775.384032 14.557328 
777.312848 14.561775 
779.241664 14.565403 
781.170480 14.569741 
783.099296 14.575762 
785.028112 14.580364 
786.956928 14.582882 
788.885744 14.585444 
790.814560 14.587966 
792.743376 14.588689 
794.672192 14.588298 
796.601008 14.587306 
798.529824 14.587701 
800.458640 14.588687 
802.387456 14.586697 
804.316272 14.581114 
806.245088 14.574094 
808.173904 14.565669 
810.102720 14.554112 
812.031536 14.538299 
813.960352 14.518402 
815.889168 14.497564 
817.817984 14.475505 
819.746800 14.450443 
821.675616 14.423621 
823.604432 14.397248 
825.533248 14.374013 
827.462064 14.355062 
829.390880 14.338916 
831.319696 14.326881 
833.248512 14.321461 
835.177328 14.322130 
837.106144 14.328170 
839.034960 14.341476 
840.963776 14.360434 
842.892592 14.384894 
844.821408 14.414414 
846.750224 14.448093 
848.679040 14.483947 
850.607856 14.522014 
852.536672 14.564018 
854.465488 14.608365 
856.394304 14.652075 
858.323120 14.694427 
860.251936 14.736305 
862.180752 14.775394 
864.109568 14.809589 
866.038384 14.840448 
867.967200 14.868218 
869.896016 14.892420 
871.824832 14.913416 
873.753648 14.931706 
875.682464 14.945827 
877.611280 14.956457 
879.540096 14.966187 
881.468912 14.973925 
883.397728 14.979551 
885.326544 14.984250 
887.255360 14.986377 
889.184176 14.985143 
891.112992 14.984334 
893.041808 14.987037 
894.970624 14.994327 
896.899440 15.005818 
898.828256 15.022755 
900.757072 15.047231 
902.685888 15.080126 
904.614704 15.122262 
906.543520 15.173101 
908.472336 15.231206 
910.401152 15.295446 
912.329968 15.364733 
914.258784 15.435442 
916.187600 15.504639 
918.116416 15.572861 
920.045232 15.638040 
921.974048 15.697557 
923.902864 15.750281 
925.831680 15.795115 
927.760496 15.830642 
929.689312 15.855584 
931.618128 15.868935 
933.546944 15.869509 
935.475760 15.858043 
937.404576 15.835094 
939.333392 15.799120 
941.262208 15.749863 
943.191024 15.689452 
945.119840 15.620921 
947.048656 15.545269 
948.977472 15.464042 
950.906288 15.379190 
952.835104 15.291256 
954.763920 15.201628 
956.692736 15.112182 
958.621552 15.023528 
960.550368 14.937044 
962.479184 14.854864 
964.408000 14.776663 
966.336816 14.702315 
968.265632 14.632320 
970.194448 14.567241 
972.123264 14.507842 
974.052080 14.454826 
975.980896 14.408712 
977.909712 14.369897 
979.838528 14.339572 
981.767344 14.318275 
983.696160 14.305346 
985.624976 14.299311 
987.553792 14.299980 
989.482608 14.305561 
991.411424 14.313275 
993.340240 14.321407 
995.269056 14.326152 
997.197872 14.326412 
999.126688 14.322851 
1001.055504 14.314055 
1002.984320 14.299474 
1004.913136 14.278809 
1006.841952 14.252955 
1008.770768 14.224501 
1010.699584 14.193739 
1012.628400 14.160119 
1014.557216 14.124948 
1016.486032 14.089691 
1018.414848 14.055030 
1020.343664 14.020156 
1022.272480 13.985239 
1024.201296 13.952162 
1026.130112 13.921970 
1028.058928 13.894364 
1029.987744 13.869787 
1031.916560 13.848210 
1033.845376 13.829796 
1035.774192 13.816608 
1037.703008 13.806559 
1039.631824 13.799109 
1041.560640 13.795270 
1043.489456 13.795049 
1045.418272 13.796199 
1047.347088 13.796266 
1049.275904 13.795083 
1051.204720 13.792271 
1053.133536 13.788155 
1055.062352 13.782401 
1056.991168 13.773252 
1058.919984 13.758917 
1060.848800 13.738120 
1062.777616 13.712093 
1064.706432 13.680551 
1066.635248 13.643559 
1068.564064 13.599914 
1070.492880 13.549378 
1072.421696 13.490093 
1074.350512 13.420864 
1076.279328 13.340630 
1078.208144 13.248871 
1080.136960 13.146251 
1082.065776 13.033021 
1083.994592 12.909947 
1085.923408 12.781536 
1087.852224 12.655093 
1089.781040 12.536900 
1091.709856 12.431410 
1093.638672 12.340712 
1095.567488 12.264979 
1097.496304 12.204091 
1099.425120 12.155125 
1101.353936 12.114698 
1103.282752 12.077230 
1105.211568 12.040583 
1107.140384 12.003836 
1109.069200 11.961466 
1110.998016 11.906635 
1112.926832 11.842486 
1114.855648 11.780822 
1116.784464 11.732083 
1118.713280 11.703317 
1120.642096 11.695302 
1122.570912 11.701341 
1124.499728 11.715214 
1126.428544 11.735105 
1128.357360 11.761281 
1130.286176 11.792753 
1132.214992 11.829665 
1134.143808 11.868206 
1136.072624 11.900760 
1138.001440 11.923494 
1139.930256 11.942033 
1141.859072 11.964985 
1143.787888 11.995179 
1145.716704 12.030105 
1147.645520 12.064372 
1149.574336 12.089956 
1151.503152 12.105284 
1153.431968 12.114636 
1155.360784 12.121596 
1157.289600 12.127811 
1159.218416 12.136111 
1161.147232 12.147571 
1163.076048 12.161613 
1165.004864 12.179068 
1166.933680 12.200475 
1168.862496 12.225472 
1170.791312 12.253142 
1172.720128 12.282148 
1174.648944 12.311347 
1176.577760 12.339293 
1178.506576 12.366287 
1180.435392 12.392689 
1182.364208 12.417347 
1184.293024 12.439691 
1186.221840 12.459728 
1188.150656 12.477231 
1190.079472 12.492237 
1192.008288 12.507803 
1193.937104 12.528577 
1195.865920 12.558813 
1197.794736 12.603094 
1199.723552 12.663638 
1201.652368 12.741117 
1203.581184 12.835341 
1205.510000 12.943762 
1207.438816 13.059885 
1209.367632 13.177072 
1211.296448 13.290971 
1213.225264 13.395256 
1215.154080 13.486061 
1217.082896 13.560911 
1219.011712 13.619629 
1220.940528 13.665428 
1222.869344 13.701465 
1224.798160 13.729765 
1226.726976 13.750500 
1228.655792 13.765703 
1230.584608 13.777628 
1232.513424 13.785149 
1234.442240 13.789579 
1236.371056 13.792523 
1238.299872 13.795601 
1240.228688 13.798526 
1242.157504 13.802435 
1244.086320 13.808273 
1246.015136 13.817681 
1247.943952 13.827652 
1249.872768 13.836239 
1251.801584 13.845015 
1253.730400 13.853785 
1255.659216 13.865145 
1257.588032 13.881667 
1259.516848 13.900109 
1261.445664 13.921035 
1263.374480 13.946542 
1265.303296 13.976328 
1267.232112 14.008942 
1269.160928 14.041796 
1271.089744 14.073920 
1273.018560 14.105413 
1274.947376 14.129607 
1276.876192 14.143432 
1278.805008 14.151310 
1280.733824 14.154081 
1282.662640 14.154495 
1284.591456 14.150915 
1286.520272 14.141938 
1288.449088 14.129044 
1290.377904 14.115034 
1292.306720 14.099388 
1294.235536 14.082913 
1296.164352 14.063257 
1298.093168 14.045094 
1300.021984 14.030735 
1301.950800 14.010493 
1303.879616 13.988342 
1305.808432 13.971552 
1307.737248 13.952855 
1309.666064 13.932389 
1311.594880 13.911372 
1313.523696 13.892592 
1315.452512 13.875964 
1317.381328 13.861246 
1319.310144 13.847881 
1321.238960 13.838575 
1323.167776 13.834376 
1325.096592 13.845210 
1327.025408 13.864258 
1328.954224 13.874327 
1330.883040 13.886754 
1332.811856 13.901323 
1334.740672 13.910907 
1336.669488 13.918926 
1338.598304 13.924877 
1340.527120 13.929590 
1342.455936 13.931259 
1344.384752 13.924975 
1346.313568 13.908807 
1348.242384 13.910109 
1350.171200 13.920065 
1352.100016 13.923285 
1354.028832 13.919108 
1355.957648 13.903677 
1357.886464 13.880309 
1359.815280 13.867043 
1361.744096 13.859703 
1363.672912 13.843710 
1365.601728 13.823119 
1367.530544 13.798711 
1369.459360 13.767697 
1371.388176 13.728760 
1373.316992 13.710345 
1375.245808 13.712279 
1377.174624 13.698439 
1379.103440 13.666435 
1381.032256 13.662353 
1382.961072 13.662407 
1384.889888 13.667646 
1386.818704 13.687015 
1388.747520 13.693413 
1390.676336 13.695489 
1392.605152 13.699375 
1394.533968 13.692323 
1396.462784 13.681966 
1398.391600 13.673020 
1400.320416 13.669834 
1402.249232 13.642157 
1404.178048 13.626366 
1406.106864 13.650723 
1408.035680 13.682894 
1409.964496 13.707319 
1411.893312 13.727131 
1413.822128 13.726264 
1415.750944 13.726062 
1417.679760 13.732642 
1419.608576 13.714395 
1421.537392 13.686560 
1423.466208 13.698685 
1425.395024 13.692475 
1427.323840 13.667495 
1429.252656 13.639253 
1431.181472 13.635099 
1433.110288 13.644647 
1435.039104 13.635572 
1436.967920 13.621948 
1438.896736 13.591337 
1440.825552 13.528748 
1442.754368 13.535105 
1444.683184 13.595287 
1446.612000 13.603357 
1448.540816 13.601868 
1450.469632 13.635258 
1452.398448 13.647098 
1454.327264 13.627967 
1456.256080 13.580357 
1458.184896 13.563270 
1460.113712 13.587500 
1462.042528 13.607218 
1463.971344 13.599173 
1465.900160 13.572914 
1467.828976 13.559083 
1469.757792 13.603845 
1471.686608 13.637218 
1473.615424 13.601886 
1475.544240 13.606203 
1477.473056 13.642612 
1479.401872 13.636018 
1481.330688 13.586389 
1483.259504 13.579507 
1485.188320 13.627467 
1487.117136 13.670229 
1489.045952 13.653796 
1490.974768 13.589186 
1492.903584 13.635823 
1494.832400 13.710689 
1496.761216 13.715899 
1498.690032 13.696422 
1500.618848 13.673193 
1502.547664 13.684685 
1504.476480 13.659219 
1506.405296 13.595414 
1508.334112 13.598917 
1510.262928 13.610738 
1512.191744 13.598609 
1514.120560 13.560992 
1516.049376 13.482967 
1517.978192 13.426516 
1519.907008 13.513505 
1521.835824 13.514176 
1523.764640 13.404750 
1525.693456 13.359250 
1527.622272 13.403008 
1529.551088 13.458205 
1531.479904 13.501383 
1533.408720 13.522327 
1535.337536 13.570738 
1537.266352 13.570915 
1539.195168 13.550863 
1541.123984 13.506256 
1543.052800 13.405531 
1544.981616 13.466960 
1546.910432 13.543018 
1548.839248 13.513806 
1550.768064 13.478450 
1552.696880 13.512196 
1554.625696 13.574906 
1556.554512 13.608546 
1558.483328 13.591929 
1560.412144 13.511299 
1562.340960 13.489794 
1564.269776 13.452037 
1566.198592 13.375039 
1568.127408 13.307616 
1570.056224 13.272694 
1571.985040 13.361329 
1573.913856 13.348297 
1575.842672 13.286164 
1577.771488 13.238208 
1579.700304 13.185127 
1581.629120 13.156391 
1583.557936 13.141507 
1585.486752 13.088762 
1587.415568 13.058745 
1589.344384 13.086250 
1591.273200 13.078953 
1593.202016 13.055411 
1595.130832 13.042394 
1597.059648 13.027019 
1598.988464 12.998406 
1600.917280 12.956705 
1602.846096 12.970614 
1604.774912 12.981268 
1606.703728 12.968497 
1608.632544 12.966053 
1610.561360 12.970285 
1612.490176 12.960407 
1614.418992 12.955318 
1616.347808 12.936744 
1618.276624 12.883889 
1620.205440 12.820848 
1622.134256 12.834881 
1624.063072 12.838920 
1625.991888 12.810760 
1627.920704 12.782111 
1629.849520 12.773884 
1631.778336 12.749868 
1633.707152 12.778771 
1635.635968 12.787808 
1637.564784 12.769133 
1639.493600 12.876813 
1641.422416 12.964179 
1643.351232 12.974505 
1645.280048 12.947181 
1647.208864 12.942836 
1649.137680 13.010002 
1651.066496 12.999366 
1652.995312 12.936312 
1654.924128 12.889574 
1656.852944 12.864710 
1658.781760 12.859814 
1660.710576 12.892507 
1662.639392 12.885556 
1664.568208 12.909453 
1666.497024 13.030710 
1668.425840 13.032374 
1670.354656 13.088532 
1672.283472 13.144372 
1674.212288 13.182031 
1676.141104 13.221760 
1678.069920 13.201650 
1679.998736 13.156807 
1681.927552 13.183999 
1683.856368 13.210973 
1685.785184 13.258160 
1687.714000 13.347484 
1689.642816 13.382085 
1691.571632 13.407002 
1693.500448 13.426093 
1695.429264 13.439337 
1697.358080 13.493406 
1699.286896 13.460957 
1701.215712 13.410392 
1703.144528 13.408951 
1705.073344 13.401935 
1707.002160 13.356362 
1708.930976 13.350545 
1710.859792 13.340517 
1712.788608 13.353483 
1714.717424 13.356878 
1716.646240 13.315795 
1718.575056 13.311558 
1720.503872 13.352733 
1722.432688 13.344565 
1724.361504 13.320414 
1726.290320 13.322846 
1728.219136 13.360482 
1730.147952 13.437291 
1732.076768 13.475404 
1734.005584 13.464160 
1735.934400 13.473319 
1737.863216 13.482849 
1739.792032 13.443104 
1741.720848 13.404888 
1743.649664 13.374520 
1745.578480 13.359942 
1747.507296 13.394268 
1749.436112 13.375698 
1751.364928 13.347218 
1753.293744 13.336256 
1755.222560 13.312706 
1757.151376 13.305405 
1759.080192 13.331784 
1761.009008 13.360972 
1762.937824 13.386942 
1764.866640 13.396689 
1766.795456 13.378682 
1768.724272 13.366797 
1770.653088 13.356083 
1772.581904 13.332820 
1774.510720 13.301091 
1776.439536 13.260980 
1778.368352 13.237474 
1780.297168 13.228925 
1782.225984 13.216866 
1784.154800 13.224669 
1786.083616 13.253975 
1788.012432 13.261139 
1789.941248 13.256427 
1791.870064 13.248056 
1793.798880 13.239724 
1795.727696 13.227051 
1797.656512 13.220022 
1799.585328 13.199865 
1801.514144 13.169436 
1803.442960 13.162903 
1805.371776 13.179018 
1807.300592 13.172459 
1809.229408 13.158524 
1811.158224 13.162552 
1813.087040 13.167822 
1815.015856 13.186774 
1816.944672 13.207526 
1818.873488 13.215372 
1820.802304 13.220634 
1822.731120 13.231000 
1824.659936 13.238141 
1826.588752 13.221692 
1828.517568 13.204214 
1830.446384 13.217093 
1832.375200 13.221653 
1834.304016 13.216449 
1836.232832 13.208108 
1838.161648 13.203568 
1840.090464 13.190526 
1842.019280 13.192977 
1843.948096 13.192988 
1845.876912 13.174439 
1847.805728 13.154312 
1849.734544 13.126768 
1851.663360 13.090228 
1853.592176 13.071313 
1855.520992 13.098179 
1857.449808 13.131939 
1859.378624 13.135682 
1861.307440 13.131496 
1863.236256 13.124215 
1865.165072 13.115303 
1867.093888 13.105500 
1869.022704 13.093322 
1870.951520 13.080942 
1872.880336 13.063014 
1874.809152 13.047683 
1876.737968 13.035039 
1878.666784 13.028885 
1880.595600 13.051163 
1882.524416 13.079298 
1884.453232 13.077523 
1886.382048 13.072837 
1888.310864 13.071633 
1890.239680 13.069660 
1892.168496 13.065568 
1894.097312 13.062308 
1896.026128 13.061508 
1897.954944 13.056146 
1899.883760 13.045559 
1901.812576 13.039254 
1903.741392 13.042024 
1905.670208 13.038093 
1907.599024 13.037129 
1909.527840 13.039618 
1911.456656 13.032124 
1913.385472 13.021104 
1915.314288 13.008565 
1917.243104 12.994522 
1919.171920 12.980603 
1921.100736 12.968473 
1923.029552 12.954468 
1924.958368 12.933530 
1926.887184 12.915272 
1928.816000 12.911728 
1930.744816 12.917533 
1932.673632 12.917641 
1934.602448 12.919308 
1936.531264 12.923949 
1938.460080 12.920482 
1940.388896 12.918662 
1942.317712 12.917164 
1944.246528 12.914571 
1946.175344 12.910917 
1948.104160 12.905548 
1950.032976 12.897787 
1951.961792 12.894155 
1953.890608 12.898359 
1955.819424 12.903923 
1957.748240 12.902158 
1959.677056 12.899314 
1961.605872 12.895723 
1963.534688 12.891413 
1965.463504 12.886409 
1967.392320 12.880383 
1969.321136 12.872332 
1971.249952 12.862238 
1973.178768 12.852150 
1975.107584 12.841827 
1977.036400 12.834473 
1978.965216 12.833164 
1980.894032 12.827809 
1982.822848 12.817902 
1984.751664 12.809039 
1986.680480 12.801187 
1988.609296 12.792658 
1990.538112 12.784487 
1992.466928 12.776822 
1994.395744 12.769873 
1996.324560 12.762087 
1998.253376 12.754100 
2000.182192 12.747932 
2002.111008 12.749750 
2004.039824 12.756862 
2005.968640 12.757497 
2007.897456 12.751381 
2009.826272 12.747195 
2011.755088 12.744163 
2013.683904 12.741509 
2015.612720 12.738416 
2017.541536 12.736483 
2019.470352 12.734684 
2021.399168 12.732488 
2023.327984 12.728202 
2025.256800 12.725477 
2027.185616 12.727112 
2029.114432 12.731037 
2031.043248 12.727783 
2032.972064 12.716476 
2034.900880 12.705737 
2036.829696 12.697120 
2038.758512 12.688761 
2040.687328 12.680628 
2042.616144 12.672781 
2044.544960 12.666288 
2046.473776 12.660071 
2048.402592 12.654296 
2050.331408 12.652491 
2052.260224 12.652419 
2054.189040 12.649539 
2056.117856 12.642738 
2058.046672 12.634716 
2059.975488 12.628591 
2061.904304 12.623510 
2063.833120 12.619794 
2065.761936 12.616330 
2067.690752 12.613185 
2069.619568 12.610771 
2071.548384 12.609348 
2073.477200 12.608174 
2075.406016 12.609306 
2077.334832 12.611588 
2079.263648 12.609137 
2081.192464 12.603241 
2083.121280 12.598564 
2085.050096 12.594752 
2086.978912 12.591886 
2088.907728 12.588787 
2090.836544 12.585895 
2092.765360 12.582739 
2094.694176 12.578589 
2096.622992 12.573974 
2098.551808 12.570368 
2100.480624 12.568092 
2102.409440 12.566402 
2104.338256 12.561520 
2106.267072 12.555209 
2108.195888 12.549737 
2110.124704 12.545177 
2112.053520 12.540649 
2113.982336 12.536315 
2115.911152 12.532272 
2117.839968 12.528841 
2119.768784 12.525907 
2121.697600 12.523251 
2123.626416 12.520124 
2125.555232 12.516933 
2127.484048 12.513679 
2129.412864 12.509895 
2131.341680 12.505663 
2133.270496 12.502193 
2135.199312 12.498523 
2137.128128 12.494596 
2139.056944 12.490311 
2140.985760 12.486217 
2142.914576 12.482761 
2144.843392 12.480448 
2146.772208 12.479067 
2148.701024 12.478289 
2150.629840 12.476653 
2152.558656 12.474542 
2154.487472 12.472045 
2156.416288 12.469963 
2158.345104 12.468051 
2160.273920 12.465669 
2162.202736 12.462698 
2164.131552 12.460782 
2166.060368 12.459913 
2167.989184 12.458813 
2169.918000 12.457252 
2171.846816 12.455815 
2173.775632 12.454512 
2175.704448 12.453761 
2177.633264 12.453455 
2179.562080 12.453328 
2181.490896 12.452069 
2183.419712 12.449934 
2185.348528 12.446918 
2187.277344 12.443265 
2189.206160 12.439096 
2191.134976 12.435170 
2193.063792 12.431480 
2194.992608 12.427252 
2196.921424 12.422605 
2198.850240 12.417982 
2200.779056 12.412775 
2202.707872 12.407634 
2204.636688 12.402933 
2206.565504 12.398544 
2208.494320 12.394173 
2210.423136 12.390834 
2212.351952 12.388079 
2214.280768 12.385921 
2216.209584 12.383769 
2218.138400 12.381899 
2220.067216 12.380898 
2221.996032 12.380569 
2223.924848 12.380037 
2225.853664 12.378978 
2227.782480 12.377715 
2229.711296 12.376388 
2231.640112 12.374772 
2233.568928 12.373525 
2235.497744 12.373174 
2237.426560 12.373075 
2239.355376 12.372098 
2241.284192 12.370620 
2243.213008 12.368249 
2245.141824 12.365020 
2247.070640 12.361598 
2248.999456 12.358108 
2250.928272 12.353491 
2252.857088 12.347879 
2254.785904 12.341728 
2256.714720 12.334848 
2258.643536 12.328149 
2260.572352 12.322539 
2262.501168 12.317250 
2264.429984 12.311953 
2266.358800 12.307088 
2268.287616 12.302457 
2270.216432 12.297952 
2272.145248 12.294465 
2274.074064 12.292063 
2276.002880 12.290728 
2277.931696 12.290029 
2279.860512 12.289939 
2281.789328 12.290431 
2283.718144 12.290918 
2285.646960 12.291448 
2287.575776 12.290822 
2289.504592 12.287930 
2291.433408 12.283678 
2293.362224 12.279525 
2295.291040 12.275932 
2297.219856 12.274550 
2299.148672 12.273695 
2301.077488 12.270224 
2303.006304 12.267273 
2304.935120 12.269934 
2306.863936 12.278274 
2308.792752 12.289080 
2310.721568 12.296377 
2312.650384 12.299815 
2314.579200 12.304381 
2316.508016 12.311529 
2318.436832 12.315982 
2320.365648 12.315055 
2322.294464 12.313842 
2324.223280 12.313554 
2326.152096 12.310906 
2328.080912 12.309807 
2330.009728 12.317107 
2331.938544 12.314734 
2333.867360 12.271598 
2335.796176 12.211781 
2337.724992 12.167702 
2339.653808 12.148014 
2341.582624 12.152314 
2343.511440 12.172628 
2345.440256 12.199842 
2347.369072 12.228297 
2349.297888 12.265435 
2351.226704 12.304295 
2353.155520 12.336006 
2355.084336 12.354472 
2357.013152 12.346599 
2358.941968 12.290654 
2360.870784 12.193944 
2362.799600 12.106887 
2364.728416 12.044442 
2366.657232 11.993161 
2368.586048 11.952172 
2370.514864 11.925855 
2372.443680 11.915994 
2374.372496 11.919919 
2376.301312 11.941137 
2378.230128 11.971515 
2380.158944 12.005951 
2382.087760 12.041927 
2384.016576 12.077214 
2385.945392 12.109671 
2387.874208 12.138891 
2389.803024 12.161651 
2391.731840 12.174121 
2393.660656 12.176146 
2395.589472 12.172650 
2397.518288 12.167953 
2399.447104 12.164330 
2401.375920 12.161976 
2403.304736 12.161302 
2405.233552 12.161706 
2407.162368 12.162878 
2409.091184 12.164050 
2411.020000 12.164414 
2412.948816 12.163290 
2414.877632 12.160977 
2416.806448 12.157939 
2418.735264 12.155275 
2420.664080 12.153666 
2422.592896 12.152245 
2424.521712 12.151067 
2426.450528 12.150085 
2428.379344 12.147667 
2430.308160 12.143705 
2432.236976 12.139304 
2434.165792 12.134605 
2436.094608 12.129864 
2438.023424 12.125674 
2439.952240 12.121926 
2441.881056 12.119109 
2443.809872 12.116967 
2445.738688 12.114760 
2447.667504 12.111958 
2449.596320 12.108192 
2451.525136 12.104504 
2453.453952 12.101689 
2455.382768 12.099008 
2457.311584 12.096598 
2459.240400 12.095858 
2461.169216 12.096254 
2463.098032 12.096596 
2465.026848 12.096249 
2466.955664 12.094593 
2468.884480 12.092410 
2470.813296 12.090232 
2472.742112 12.088950 
2474.670928 12.089076 
2476.599744 12.089783 
2478.528560 12.090194 
2480.457376 12.090584 
2482.386192 12.089963 
2484.315008 12.087306 
2486.243824 12.084033 
2488.172640 12.080725 
2490.101456 12.077228 
2492.030272 12.073978 
2493.959088 12.071460 
2495.887904 12.069226 
2497.816720 12.067290 
2499.745536 12.064888 
2501.674352 12.061022 
2503.603168 12.056360 
2505.531984 12.052445 
2507.460800 12.049798 
2509.389616 12.047254 
2511.318432 12.045125 
2513.247248 12.043543 
2515.176064 12.042082 
2517.104880 12.040601 
2519.033696 12.038474 
2520.962512 12.035543 
2522.891328 12.032164 
2524.820144 12.029557 
2526.748960 12.027717 
2528.677776 12.027090 
2530.606592 12.028251 
2532.535408 12.029892 
2534.464224 12.030727 
2536.393040 12.030285 
2538.321856 12.029624 
2540.250672 12.027927 
2542.179488 12.024950 
2544.108304 12.022354 
2546.037120 12.020166 
2547.965936 12.018242 
2549.894752 12.017051 
2551.823568 12.015886 
2553.752384 12.013483 
2555.681200 12.010170 
2557.610016 12.006019 
2559.538832 12.001242 
2561.467648 11.997732 
2563.396464 11.995462 
2565.325280 11.994535 
2567.254096 11.994215 
2569.182912 11.993995 
2571.111728 11.994553 
2573.040544 11.994442 
2574.969360 11.992821 
2576.898176 11.989997 
2578.826992 11.986696 
2580.755808 11.982996 
2582.684624 11.980030 
2584.613440 11.978388 
2586.542256 11.977299 
2588.471072 11.975275 
2590.399888 11.972171 
2592.328704 11.968554 
2594.257520 11.964697 
2596.186336 11.962203 
2598.115152 11.960679 
2600.043968 11.958820 
2601.972784 11.957560 
2603.901600 11.956457 
2605.830416 11.954558 
2607.759232 11.951039 
2609.688048 11.946851 
2611.616864 11.942564 
2613.545680 11.936866 
2615.474496 11.929973 
2617.403312 11.924706 
2619.332128 11.921106 
2621.260944 11.919475 
2623.189760 11.920198 
2625.118576 11.921180 
2627.047392 11.921114 
2628.976208 11.920529 
2630.905024 11.918575 
2632.833840 11.916166 
2634.762656 11.914058 
2636.691472 11.912276 
2638.620288 11.911406 
2640.549104 11.910910 
2642.477920 11.909333 
2644.406736 11.907526 
2646.335552 11.904759 
2648.264368 11.900888 
2650.193184 11.896358 
2652.122000 11.891139 
2654.050816 11.885234 
2655.979632 11.879609 
2657.908448 11.874695 
2659.837264 11.871233 
2661.766080 11.867986 
2663.694896 11.864681 
2665.623712 11.861481 
2667.552528 11.857915 
2669.481344 11.853967 
2671.410160 11.850964 
2673.338976 11.848481 
2675.267792 11.846775 
2677.196608 11.845807 
2679.125424 11.844477 
2681.054240 11.842657 
2682.983056 11.840754 
2684.911872 11.838452 
2686.840688 11.835908 
2688.769504 11.833811 
2690.698320 11.832832 
2692.627136 11.831699 
2694.555952 11.830716 
2696.484768 11.830606 
2698.413584 11.830883 
2700.342400 11.830118 
2702.271216 11.828168 
2704.200032 11.825156 
2706.128848 11.821010 
2708.057664 11.815929 
2709.986480 11.810746 
2711.915296 11.805776 
2713.844112 11.800791 
2715.772928 11.796545 
2717.701744 11.792864 
2719.630560 11.788457 
2721.559376 11.783989 
2723.488192 11.779249 
2725.417008 11.774479 
2727.345824 11.769454 
2729.274640 11.764826 
2731.203456 11.761133 
2733.132272 11.757677 
2735.061088 11.753146 
2736.989904 11.748577 
2738.918720 11.745370 
2740.847536 11.741979 
2742.776352 11.737766 
2744.705168 11.734385 
2746.633984 11.732274 
2748.562800 11.730488 
2750.491616 11.728824 
2752.420432 11.728122 
2754.349248 11.727406 
2756.278064 11.726544 
2758.206880 11.724901 
2760.135696 11.721843 
2762.064512 11.717695 
2763.993328 11.713949 
2765.922144 11.710444 
2767.850960 11.706724 
2769.779776 11.702511 
2771.708592 11.699073 
2773.637408 11.695425 
2775.566224 11.690737 
2777.495040 11.686356 
2779.423856 11.682300 
2781.352672 11.677475 
2783.281488 11.672326 
2785.210304 11.666378 
2787.139120 11.660268 
2789.067936 11.654604 
2790.996752 11.648924 
2792.925568 11.642794 
2794.854384 11.637630 
2796.783200 11.632598 
2798.712016 11.628257 
2800.640832 11.624574 
2802.569648 11.621304 
2804.498464 11.618498 
2806.427280 11.616087 
2808.356096 11.613952 
2810.284912 11.612318 
2812.213728 11.610575 
2814.142544 11.609046 
2816.071360 11.606869 
2818.000176 11.603410 
2819.928992 11.598907 
2821.857808 11.593321 
2823.786624 11.587896 
2825.715440 11.582551 
2827.644256 11.576508 
2829.573072 11.569759 
2831.501888 11.563230 
2833.430704 11.557214 
2835.359520 11.551071 
2837.288336 11.544404 
2839.217152 11.536121 
2841.145968 11.526425 
2843.074784 11.515130 
2845.003600 11.502326 
2846.932416 11.489787 
2848.861232 11.477625 
2850.790048 11.467172 
2852.718864 11.459128 
2854.647680 11.453259 
2856.576496 11.449514 
2858.505312 11.448265 
2860.434128 11.448462 
2862.362944 11.448878 
2864.291760 11.449391 
2866.220576 11.448770 
2868.149392 11.446730 
2870.078208 11.444108 
2872.007024 11.440825 
2873.935840 11.438261 
2875.864656 11.435878 
2877.793472 11.433105 
2879.722288 11.430313 
2881.651104 11.425569 
2883.579920 11.418240 
2885.508736 11.410328 
2887.437552 11.403093 
2889.366368 11.395879 
2891.295184 11.389299 
2893.224000 11.383934 
2895.152816 11.379424 
2897.081632 11.375260 
2899.010448 11.370639 
2900.939264 11.365578 
2902.868080 11.359221 
2904.796896 11.350097 
2906.725712 11.338443 
2908.654528 11.324844 
2910.583344 11.311302 
2912.512160 11.298654 
2914.440976 11.286457 
2916.369792 11.275028 
2918.298608 11.265435 
2920.227424 11.258621 
2922.156240 11.252681 
2924.085056 11.247041 
2926.013872 11.243116 
2927.942688 11.241074 
2929.871504 11.241941 
2931.800320 11.244576 
2933.729136 11.247984 
2935.657952 11.252216 
2937.586768 11.256649 
2939.515584 11.257907 
2941.444400 11.256176 
2943.373216 11.252953 
2945.302032 11.248377 
2947.230848 11.243188 
2949.159664 11.236761 
2951.088480 11.230092 
2953.017296 11.223464 
2954.946112 11.216044 
2956.874928 11.209647 
2958.803744 11.203737 
2960.732560 11.197095 
2962.661376 11.190175 
2964.590192 11.184287 
2966.519008 11.179645 
2968.447824 11.177723 
2970.376640 11.178563 
2972.305456 11.181679 
2974.234272 11.185927 
2976.163088 11.188572 
2978.091904 11.188896 
2980.020720 11.187547 
2981.949536 11.183236 
2983.878352 11.177090 
2985.807168 11.171547 
2987.735984 11.166025 
2989.664800 11.161146 
2991.593616 11.157520 
2993.522432 11.154588 
2995.451248 11.152131 
2997.380064 11.149868 
2999.308880 11.146103 
3001.237696 11.138709 
3003.166512 11.127979 
3005.095328 11.118081 
3007.024144 11.110771 
3008.952960 11.102461 
3010.881776 11.094504 
3012.810592 11.087720 
3014.739408 11.081099 
3016.668224 11.076343 
3018.597040 11.069579 
3020.525856 11.059671 
3022.454672 11.050394 
3024.383488 11.042088 
3026.312304 11.033492 
3028.241120 11.024564 
3030.169936 11.017022 
3032.098752 11.011918 
3034.027568 11.009255 
3035.956384 11.004124 
3037.885200 10.995942 
3039.814016 10.986279 
3041.742832 10.977788 
3043.671648 10.968858 
3045.600464 10.956634 
3047.529280 10.944575 
3049.458096 10.937849 
3051.386912 10.933613 
3053.315728 10.928950 
3055.244544 10.921731 
3057.173360 10.913647 
3059.102176 10.907039 
3061.030992 10.901444 
3062.959808 10.893651 
3064.888624 10.886107 
3066.817440 10.880666 
3068.746256 10.874836 
3070.675072 10.865584 
3072.603888 10.855562 
3074.532704 10.844840 
3076.461520 10.833446 
3078.390336 10.820742 
3080.319152 10.808177 
3082.247968 10.795884 
3084.176784 10.785511 
3086.105600 10.778818 
3088.034416 10.774059 
3089.963232 10.770120 
3091.892048 10.766386 
3093.820864 10.760394 
3095.749680 10.750061 
3097.678496 10.736528 
3099.607312 10.722966 
3101.536128 10.709570 
3103.464944 10.696715 
3105.393760 10.685871 
3107.322576 10.679160 
3109.251392 10.672765 
3111.180208 10.663606 
3113.109024 10.652479 
3115.037840 10.639640 
3116.966656 10.624739 
3118.895472 10.609354 
3120.824288 10.594183 
3122.753104 10.581066 
3124.681920 10.570407 
3126.610736 10.563354 
3128.539552 10.558355 
3130.468368 10.552942 
3132.397184 10.546401 
3134.326000 10.539509 
3136.254816 10.529452 
3138.183632 10.516147 
3140.112448 10.501114 
3142.041264 10.487084 
3143.970080 10.475779 
3145.898896 10.467027 
3147.827712 10.458391 
3149.756528 10.450975 
3151.685344 10.442033 
3153.614160 10.429371 
3155.542976 10.414189 
3157.471792 10.397586 
3159.400608 10.379644 
3161.329424 10.363178 
3163.258240 10.350350 
3165.187056 10.339622 
3167.115872 10.328166 
3169.044688 10.318150 
3170.973504 10.308324 
3172.902320 10.295284 
3174.831136 10.279579 
3176.759952 10.264395 
3178.688768 10.247965 
3180.617584 10.230906 
3182.546400 10.218263 
3184.475216 10.207693 
3186.404032 10.196236 
3188.332848 10.186819 
3190.261664 10.177207 
3192.190480 10.164427 
3194.119296 10.149997 
3196.048112 10.135563 
3197.976928 10.118274 
3199.905744 10.100313 
3201.834560 10.083361 
3203.763376 10.070401 
3205.692192 10.059958 
3207.621008 10.051310 
3209.549824 10.043779 
3211.478640 10.033333 
3213.407456 10.020003 
3215.336272 10.005263 
3217.265088 9.988313 
3219.193904 9.973098 
3221.122720 9.961727 
3223.051536 9.952125 
3224.980352 9.942382 
3226.909168 9.933915 
3228.837984 9.926308 
3230.766800 9.920581 
3232.695616 9.909744 
3234.624432 9.893151 
3236.553248 9.874308 
3238.482064 9.858243 
3240.410880 9.845617 
3242.339696 9.833076 
3244.268512 9.821958 
3246.197328 9.813544 
3248.126144 9.805372 
3250.054960 9.797520 
3251.983776 9.789488 
3253.912592 9.782006 
3255.841408 9.774350 
3257.770224 9.765073 
3259.699040 9.751987 
3261.627856 9.738622 
3263.556672 9.726909 
3265.485488 9.719630 
3267.414304 9.712156 
3269.343120 9.701603 
3271.271936 9.689080 
3273.200752 9.675293 
3275.129568 9.660290 
3277.058384 9.646035 
3278.987200 9.633657 
3280.916016 9.622601 
3282.844832 9.612097 
3284.773648 9.604170 
3286.702464 9.598126 
3288.631280 9.590785 
3290.560096 9.579723 
3292.488912 9.566641 
3294.417728 9.552057 
3296.346544 9.536744 
3298.275360 9.520729 
3300.204176 9.507490 
3302.132992 9.496956 
3304.061808 9.486549 
3305.990624 9.476054 
3307.919440 9.465552 
3309.848256 9.454483 
3311.777072 9.442622 
3313.705888 9.428205 
3315.634704 9.410537 
3317.563520 9.392463 
3319.492336 9.378494 
3321.421152 9.368450 
3323.349968 9.358730 
3325.278784 9.349135 
3327.207600 9.341320 
3329.136416 9.331100 
3331.065232 9.317724 
3332.994048 9.301739 
3334.922864 9.284502 
3336.851680 9.265934 
3338.780496 9.246754 
3340.709312 9.230132 
3342.638128 9.216803 
3344.566944 9.206245 
3346.495760 9.197886 
3348.424576 9.186546 
3350.353392 9.173273 
3352.282208 9.158217 
3354.211024 9.139860 
3356.139840 9.118964 
3358.068656 9.098627 
3359.997472 9.079839 
3361.926288 9.065146 
3363.855104 9.051616 
3365.783920 9.040068 
3367.712736 9.032946 
3369.641552 9.026723 
3371.570368 9.016590 
3373.499184 9.002329 
3375.428000 8.986765 
3377.356816 8.975577 
3379.285632 8.964721 
3381.214448 8.952290 
3383.143264 8.942346 
3385.072080 8.933570 
3387.000896 8.926187 
3388.929712 8.919845 
3390.858528 8.909833 
3392.787344 8.899569 
3394.716160 8.891665 
3396.644976 8.883761 
3398.573792 8.873379 
3400.502608 8.862776 
3402.431424 8.854525 
3404.360240 8.854686 
3406.289056 8.858963 
3408.217872 8.858142 
3410.146688 8.853743 
3412.075504 8.846646 
3414.004320 8.838046 
3415.933136 8.830296 
3417.861952 8.824706 
3419.790768 8.820244 
3421.719584 8.816581 
3423.648400 8.816222 
3425.577216 8.817903 
3427.506032 8.821877 
3429.434848 8.826756 
3431.363664 8.839728 
3433.292480 8.851722 
3435.221296 8.848068 
3437.150112 8.840551 
3439.078928 8.836834 
3441.007744 8.836990 
3442.936560 8.841767 
3444.865376 8.848796 
3446.794192 8.855703 
3448.723008 8.860431 
3450.651824 8.866404 
3452.580640 8.875446 
3454.509456 8.884471 
3456.438272 8.891163 
3458.367088 8.901944 
3460.295904 8.912315 
3462.224720 8.915836 
3464.153536 8.924612 
3466.082352 8.942892 
3468.011168 8.961710 
3469.939984 8.975043 
3471.868800 8.986424 
3473.797616 8.996975 
3475.726432 9.002302 
3477.655248 9.008196 
3479.584064 9.018451 
3481.512880 9.031707 
3483.441696 9.044629 
3485.370512 9.059974 
3487.299328 9.084783 
3489.228144 9.109621 
3491.156960 9.122284 
3493.085776 9.134159 
3495.014592 9.146412 
3496.943408 9.150435 
3498.872224 9.152288 
3500.801040 9.156318 
3502.729856 9.162262 
3504.658672 9.173068 
3506.587488 9.191801 
3508.516304 9.220549 
3510.445120 9.244569 
3512.373936 9.269299 
3514.302752 9.298609 
3516.231568 9.312344 
3518.160384 9.309372 
3520.089200 9.316154 
3522.018016 9.334543 
3523.946832 9.342802 
3525.875648 9.345617 
3527.804464 9.355889 
3529.733280 9.377277 
3531.662096 9.407053 
3533.590912 9.438702 
3535.519728 9.473219 
3537.448544 9.507969 
3539.377360 9.542130 
3541.306176 9.569191 
3543.234992 9.586629 
3545.163808 9.601980 
3547.092624 9.615745 
3549.021440 9.626133 
3550.950256 9.649691 
3552.879072 9.683603 
3554.807888 9.713897 
3556.736704 9.743506 
3558.665520 9.768867 
3560.594336 9.788517 
3562.523152 9.809858 
3564.451968 9.830615 
3566.380784 9.840268 
3568.309600 9.837477 
3570.238416 9.837414 
3572.167232 9.859407 
3574.096048 9.882182 
3576.024864 9.901767 
3577.953680 9.947498 
3579.882496 9.993848 
3581.811312 10.024525 
3583.740128 10.053821 
3585.668944 10.083389 
3587.597760 10.100314 
3589.526576 10.099576 
3591.455392 10.094557 
3593.384208 10.092351 
3595.313024 10.091625 
3597.241840 10.113299 
3599.170656 10.157632 
3601.099472 10.181917 
3603.028288 10.215168 
3604.957104 10.271180 
3606.885920 10.318923 
3608.814736 10.347791 
3610.743552 10.367379 
3612.672368 10.401556 
3614.601184 10.448956 
3616.530000 10.473993 
3618.458816 10.499154 
3620.387632 10.520206 
3622.316448 10.528631 
3624.245264 10.534565 
3626.174080 10.531475 
3628.102896 10.509492 
3630.031712 10.491067 
3631.960528 10.487374 
3633.889344 10.520207 
3635.818160 10.571817 
3637.746976 10.610475 
3639.675792 10.681647 
3641.604608 10.770643 
3643.533424 10.817241 
3645.462240 10.850206 
3647.391056 10.863757 
3649.319872 10.847465 
3651.248688 10.805542 
3653.177504 10.758014 
3655.106320 10.723452 
3657.035136 10.688295 
3658.963952 10.725418 
3660.892768 10.855997 
3662.821584 10.957223 
3664.750400 11.017863 
3666.679216 11.082550 
3668.608032 11.123497 
3670.536848 11.118529 
3672.465664 11.098886 
3674.394480 11.087322 
3676.323296 11.056896 
3678.252112 11.009758 
3680.180928 10.967448 
3682.109744 10.929599 
3684.038560 10.881093 
3685.967376 10.884090 
3687.896192 10.912741 
3689.825008 10.890921 
3691.753824 10.854725 
3693.682640 10.817887 
3695.611456 10.801698 
3697.540272 10.809172 
3699.469088 10.825304 
3701.397904 10.856718 
3703.326720 10.873342 
3705.255536 10.876598 
3707.184352 10.880189 
3709.113168 10.883723 
3711.041984 10.882956 
3712.970800 10.871427 
3714.899616 10.840510 
3716.828432 10.813938 
3718.757248 10.821311 
3720.686064 10.893624 
3722.614880 10.977747 
3724.543696 11.025871 
3726.472512 11.041685 
3728.401328 11.070746 
3730.330144 11.114302 
3732.258960 11.133489 
3734.187776 11.182278 
3736.116592 11.262649 
3738.045408 11.311038 
3739.974224 11.307770 
3741.903040 11.299451 
3743.831856 11.310922 
3745.760672 11.320412 
3747.689488 11.306886 
3749.618304 11.241512 
3751.547120 11.145453 
3753.475936 11.056954 
3755.404752 10.997928 
3757.333568 10.931592 
3759.262384 10.855088 
3761.191200 10.832299 
3763.120016 10.837552 
3765.048832 10.821017 
3766.977648 10.797764 
3768.906464 10.803614 
3770.835280 10.815910 
3772.764096 10.810574 
3774.692912 10.796868 
3776.621728 10.786078 
3778.550544 10.775802 
3780.479360 10.777499 
3782.408176 10.784327 
3784.336992 10.777057 
3786.265808 10.804841 
3788.194624 10.841037 
3790.123440 10.887519 
3792.052256 10.952599 
3793.981072 10.996772 
3795.909888 11.023703 
3797.838704 11.031673 
3799.767520 11.026150 
3801.696336 11.011331 
3803.625152 10.977008 
3805.553968 10.977556 
3807.482784 10.985375 
3809.411600 10.971390 
3811.340416 10.970505 
3813.269232 10.981877 
3815.198048 10.970674 
3817.126864 10.966111 
3819.055680 10.961353 
3820.984496 10.935407 
3822.913312 10.923923 
3824.842128 10.926907 
3826.770944 10.939757 
3828.699760 10.955397 
3830.628576 10.956388 
3832.557392 10.964850 
3834.486208 10.943065 
3836.415024 10.908645 
3838.343840 10.922930 
3840.272656 10.929210 
3842.201472 10.906317 
3844.130288 10.879082 
3846.059104 10.852483 
3847.987920 10.851451 
3849.916736 10.870741 
3851.845552 10.875924 
3853.774368 10.878716 
3855.703184 10.881618 
3857.632000 10.851910 
3859.560816 10.821521 
3861.489632 10.786740 
3863.418448 10.777417 
3865.347264 10.802595 
3867.276080 10.795864 
3869.204896 10.766140 
3871.133712 10.750804 
3873.062528 10.727116 
3874.991344 10.713577 
3876.920160 10.708296 
3878.848976 10.689069 
3880.777792 10.678286 
3882.706608 10.676821 
3884.635424 10.673390 
3886.564240 10.685620 
3888.493056 10.701867 
3890.421872 10.730848 
3892.350688 10.752987 
3894.279504 10.760815 
3896.208320 10.763900 
3898.137136 10.758339 
3900.065952 10.736361 
3901.994768 10.728841 
3903.923584 10.716536 
3905.852400 10.681922 
3907.781216 10.648828 
3909.710032 10.631895 
3911.638848 10.624069 
3913.567664 10.625206 
3915.496480 10.644455 
3917.425296 10.659062 
3919.354112 10.659234 
3921.282928 10.651830 
3923.211744 10.639589 
3925.140560 10.624377 
3927.069376 10.615261 
3928.998192 10.611527 
3930.927008 10.602124 
3932.855824 10.594669 
3934.784640 10.589502 
3936.713456 10.583262 
3938.642272 10.571550 
3940.571088 10.563569 
3942.499904 10.563169 
3944.428720 10.560150 
3946.357536 10.550156 
3948.286352 10.534627 
3950.215168 10.515676 
3952.143984 10.498439 
3954.072800 10.487487 
3956.001616 10.478874 
3957.930432 10.473628 
3959.859248 10.477476 
3961.788064 10.480938 
3963.716880 10.480538 
3965.645696 10.482745 
3967.574512 10.488104 
3969.503328 10.491092 
3971.432144 10.492451 
3973.360960 10.495022 
3975.289776 10.497068 
3977.218592 10.493880 
3979.147408 10.492951 
3981.076224 10.493368 
3983.005040 10.492302 
3984.933856 10.489661 
3986.862672 10.487791 
3988.791488 10.482094 
3990.720304 10.474626 
3992.649120 10.470020 
3994.577936 10.466258 
3996.506752 10.460623 
3998.435568 10.456837 
4000.364384 10.458232 